Year,Month,Date,Primary Type,Description,Location Description,Arrest,Community Area,Latitude,Longitude
2004,1,2004-01-01 07:00:00,DECEPTIVE PRACTICE,"THEFT BY LESSEE,MOTOR VEH",STREET,False,76,,
2004,1,2004-01-01 00:30:00,THEFT,FINANCIAL ID THEFT: OVER $300,RESIDENCE,False,76,,
2004,1,2004-01-01 06:00:00,BATTERY,DOMESTIC BATTERY SIMPLE,RESIDENCE,False,76,41.974811394,-87.841553155
2004,1,2004-01-01 12:00:00,OTHER OFFENSE,TELEPHONE THREAT,RESIDENCE,False,76,41.978086970999996,-87.84646714200001
2004,1,2004-01-02 16:20:00,THEFT,OVER $500,PARKING LOT/GARAGE(NON.RESID.),False,76,41.981015746,-87.842123304
2004,1,2004-01-01 07:50:00,CRIMINAL TRESPASS,TO LAND,AIRPORT/AIRCRAFT,True,76,41.976290414,-87.905227221
2004,1,2004-01-02 07:15:00,CRIMINAL TRESPASS,TO LAND,AIRPORT/AIRCRAFT,True,76,41.976290414,-87.905227221
2004,1,2004-01-03 18:30:00,BATTERY,SIMPLE,OTHER,False,76,41.978086970999996,-87.84646714200001
2004,1,2004-01-03 18:30:00,BATTERY,SIMPLE,RESIDENCE PORCH/HALLWAY,False,76,41.981101910999996,-87.837907767
2004,1,2004-01-03 10:00:00,OTHER OFFENSE,HARASSMENT BY TELEPHONE,RESIDENCE,False,76,41.975133615,-87.84246271
2004,1,2004-01-03 22:40:00,DECEPTIVE PRACTICE,IMPERSONATION,OTHER,False,76,41.97852489,-87.83658904100001
2004,1,2004-01-04 11:50:00,THEFT,OVER $500,FOREST PRESERVE,False,76,41.952383799,-87.84239834700001
2004,1,2004-01-04 13:00:00,CRIMINAL DAMAGE,TO VEHICLE,AIRPORT/AIRCRAFT,False,76,41.976290414,-87.905227221
2004,1,2004-01-05 00:00:00,OTHER OFFENSE,HARASSMENT BY TELEPHONE,RESIDENCE,False,76,41.971514895,-87.846539257
2004,1,2004-01-04 12:40:00,ASSAULT,SIMPLE,WAREHOUSE,False,76,41.976290414,-87.905227221
2004,1,2004-01-06 10:00:00,THEFT,FROM BUILDING,AIRPORT/AIRCRAFT,False,76,41.976290414,-87.905227221
2004,1,2004-01-02 09:00:00,THEFT,OVER $500,AIRPORT/AIRCRAFT,False,76,41.976290414,-87.905227221
2004,1,2004-01-04 12:00:00,OTHER OFFENSE,TELEPHONE THREAT,AIRPORT/AIRCRAFT,False,76,41.976290414,-87.905227221
2004,1,2004-01-05 21:40:00,BATTERY,SIMPLE,RESTAURANT,False,76,41.976290414,-87.905227221
2004,1,2004-01-06 02:45:00,CRIMINAL TRESPASS,TO AIRPORT,AIRPORT/AIRCRAFT,True,76,41.976290414,-87.905227221
2004,1,2004-01-06 19:00:00,THEFT,$500 AND UNDER,VEHICLE NON-COMMERCIAL,False,76,41.980198462,-87.837767657
2004,1,2004-01-06 13:00:00,THEFT,OVER $500,PARKING LOT/GARAGE(NON.RESID.),False,76,41.976290414,-87.905227221
2004,1,2004-01-07 00:25:00,CRIMINAL DAMAGE,TO PROPERTY,RESIDENCE,False,76,41.973755869,-87.843069041
2004,1,2004-01-07 18:30:00,MOTOR VEHICLE THEFT,AUTOMOBILE,AIRPORT/AIRCRAFT,False,76,41.976290414,-87.905227221
2004,1,2004-01-07 18:30:00,MOTOR VEHICLE THEFT,AUTOMOBILE,AIRPORT/AIRCRAFT,False,76,41.976290414,-87.905227221
2004,1,2004-01-07 18:30:00,MOTOR VEHICLE THEFT,AUTOMOBILE,AIRPORT/AIRCRAFT,True,76,41.976290414,-87.905227221
2004,1,2004-01-08 01:00:00,CRIMINAL TRESPASS,TO AIRPORT,AIRPORT/AIRCRAFT,True,76,41.976290414,-87.905227221
2004,1,2004-01-06 10:45:00,PUBLIC PEACE VIOLATION,BOMB THREAT,AIRPORT/AIRCRAFT,False,76,41.976290414,-87.905227221
2004,1,2004-01-08 18:00:00,THEFT,OVER $500,STREET,False,76,41.973778121,-87.84185530200001
2004,1,2004-01-09 10:15:00,DECEPTIVE PRACTICE,FORGERY,BANK,True,76,41.986930009,-87.84031964399999
2004,1,2004-01-09 21:10:00,BATTERY,SIMPLE,PARKING LOT/GARAGE(NON.RESID.),False,76,41.980195892,-87.837808133
2004,1,2004-01-09 00:30:00,CRIMINAL TRESPASS,TO AIRPORT,AIRPORT/AIRCRAFT,True,76,41.976290414,-87.905227221
2004,1,2004-01-08 22:00:00,CRIMINAL DAMAGE,TO VEHICLE,PARKING LOT/GARAGE(NON.RESID.),False,76,41.976290414,-87.905227221
2004,1,2004-01-08 20:00:00,CRIMINAL DAMAGE,TO VEHICLE,PARKING LOT/GARAGE(NON.RESID.),False,76,41.978086970999996,-87.84646714200001
2004,1,2004-01-08 07:45:00,CRIMINAL TRESPASS,TO LAND,AIRPORT/AIRCRAFT,True,76,41.976290414,-87.905227221
2004,1,2004-01-09 08:34:00,CRIMINAL TRESPASS,TO LAND,AIRPORT/AIRCRAFT,True,76,41.976290414,-87.905227221
2004,1,2004-01-09 12:00:00,CRIMINAL TRESPASS,TO LAND,AIRPORT/AIRCRAFT,True,76,41.976290414,-87.905227221
2004,1,2004-01-10 00:40:00,CRIMINAL TRESPASS,TO AIRPORT,AIRPORT/AIRCRAFT,True,76,41.976290414,-87.905227221
2004,1,2004-01-10 15:40:00,BATTERY,SIMPLE,AIRPORT/AIRCRAFT,True,76,41.976290414,-87.905227221
2004,1,2004-01-10 10:00:00,THEFT,$500 AND UNDER,FOREST PRESERVE,False,76,41.953012332,-87.836680576
2004,1,2004-01-03 11:30:00,THEFT,OVER $500,AIRPORT/AIRCRAFT,False,76,41.976290414,-87.905227221
2004,1,2004-01-11 12:56:00,PUBLIC PEACE VIOLATION,BOMB THREAT,AIRPORT/AIRCRAFT,True,76,41.976290414,-87.905227221
2004,1,2004-01-11 00:35:00,CRIMINAL TRESPASS,TO AIRPORT,AIRPORT/AIRCRAFT,True,76,41.976290414,-87.905227221
2004,1,2004-01-10 09:00:00,CRIMINAL TRESPASS,TO LAND,AIRPORT/AIRCRAFT,False,76,41.976290414,-87.905227221
2004,1,2004-01-10 07:54:00,CRIMINAL TRESPASS,TO LAND,AIRPORT/AIRCRAFT,True,76,41.976290414,-87.905227221
2004,1,2004-01-10 15:30:00,ASSAULT,AGGRAVATED: OTHER DANG WEAPON,STREET,False,76,41.976488051,-87.841540256
2004,1,2004-01-04 18:18:00,CRIMINAL DAMAGE,TO VEHICLE,OTHER,False,76,41.977609479,-87.846467101
2004,1,2004-01-11 23:00:00,CRIMINAL DAMAGE,TO VEHICLE,PARKING LOT/GARAGE(NON.RESID.),True,76,41.975978414000004,-87.83662354
2004,1,2004-01-10 14:00:00,THEFT,$500 AND UNDER,AIRPORT/AIRCRAFT,False,76,41.976290414,-87.905227221
2004,1,2004-01-10 12:00:00,MOTOR VEHICLE THEFT,THEFT/RECOVERY: AUTOMOBILE,AIRPORT/AIRCRAFT,False,76,41.976290414,-87.905227221
2004,1,2004-01-11 07:36:00,CRIMINAL TRESPASS,TO LAND,AIRPORT/AIRCRAFT,False,76,41.976290414,-87.905227221
2004,1,2004-01-11 07:45:00,CRIMINAL TRESPASS,TO LAND,AIRPORT/AIRCRAFT,False,76,41.976290414,-87.905227221
2004,1,2004-01-11 08:23:00,CRIMINAL TRESPASS,TO LAND,AIRPORT/AIRCRAFT,False,76,41.976290414,-87.905227221
2004,1,2004-01-12 22:00:00,THEFT,$500 AND UNDER,PARKING LOT/GARAGE(NON.RESID.),False,76,41.977609479,-87.846467101
2004,1,2004-01-13 07:00:00,THEFT,$500 AND UNDER,PARKING LOT/GARAGE(NON.RESID.),False,76,41.986989467,-87.840745861
2004,1,2004-01-06 18:00:00,THEFT,FROM BUILDING,AIRPORT/AIRCRAFT,False,76,41.976290414,-87.905227221
2004,1,2004-01-11 22:50:00,THEFT,OVER $500,AIRPORT/AIRCRAFT,False,76,41.976290414,-87.905227221
2004,1,2004-01-12 19:20:00,CRIMINAL TRESPASS,TO AIRPORT,AIRPORT/AIRCRAFT,True,76,41.976290414,-87.905227221
2004,1,2004-01-06 23:00:00,MOTOR VEHICLE THEFT,THEFT/RECOVERY: AUTOMOBILE,DRIVEWAY - RESIDENTIAL,False,76,41.980157782,-87.83979078700001
2004,1,2004-01-12 22:35:00,THEFT,$500 AND UNDER,PARKING LOT/GARAGE(NON.RESID.),True,76,41.984622486,-87.836582104
2004,1,2004-01-04 12:00:00,THEFT,OVER $500,AIRPORT/AIRCRAFT,False,76,41.976290414,-87.905227221
2004,1,2004-01-14 08:30:00,THEFT,$500 AND UNDER,PARKING LOT/GARAGE(NON.RESID.),False,76,41.984622486,-87.836582104
2004,1,2004-01-07 16:00:00,MOTOR VEHICLE THEFT,AUTOMOBILE,AIRPORT/AIRCRAFT,False,76,41.976290414,-87.905227221
2004,1,2004-01-13 23:40:00,MOTOR VEHICLE THEFT,ATT: AUTOMOBILE,AIRPORT/AIRCRAFT,True,76,41.976290414,-87.905227221
2004,1,2004-01-14 12:05:00,THEFT,$500 AND UNDER,PARKING LOT/GARAGE(NON.RESID.),False,76,41.97852489,-87.83658904100001
2004,1,2004-01-15 00:50:00,CRIMINAL TRESPASS,TO AIRPORT,AIRPORT/AIRCRAFT,True,76,41.976290414,-87.905227221
2004,1,2004-01-14 14:30:00,DECEPTIVE PRACTICE,"THEFT BY LESSEE,MOTOR VEH",AIRPORT/AIRCRAFT,False,76,41.976290414,-87.905227221
2004,1,2004-01-15 02:21:00,MOTOR VEHICLE THEFT,THEFT/RECOVERY: AUTOMOBILE,AIRPORT/AIRCRAFT,False,76,41.976290414,-87.905227221
2004,1,2004-01-14 02:00:00,MOTOR VEHICLE THEFT,THEFT/RECOVERY: AUTOMOBILE,PARKING LOT/GARAGE(NON.RESID.),False,76,41.976290414,-87.905227221
2004,1,2004-01-15 15:30:00,THEFT,RETAIL THEFT,OTHER,False,76,41.963753251,-87.83669276799999
2004,1,2004-01-15 15:00:00,BATTERY,DOMESTIC BATTERY SIMPLE,RESIDENCE,False,76,41.975089101,-87.844893916
2004,1,2004-01-04 19:30:00,SEX OFFENSE,PUBLIC INDECENCY,CTA TRAIN,True,76,41.984622486,-87.836582104
2004,1,2004-01-06 17:30:00,OTHER OFFENSE,HARASSMENT BY TELEPHONE,RESIDENCE,False,76,41.975133615,-87.84246271
2004,1,2004-01-15 07:30:00,CRIMINAL TRESPASS,TO LAND,AIRPORT/AIRCRAFT,True,76,41.976290414,-87.905227221
2004,1,2004-01-15 08:19:00,CRIMINAL TRESPASS,TO LAND,AIRPORT/AIRCRAFT,True,76,41.976290414,-87.905227221
2004,1,2004-01-15 08:00:00,THEFT,POCKET-PICKING,AIRPORT/AIRCRAFT,False,76,41.976290414,-87.905227221
2004,1,2004-01-16 21:30:00,CRIMINAL DAMAGE,TO PROPERTY,HOTEL/MOTEL,False,76,41.986989467,-87.840745861
2004,1,2004-01-11 16:00:00,THEFT,FINANCIAL ID THEFT:$300 &UNDER,AIRPORT/AIRCRAFT,True,76,41.976290414,-87.905227221
2004,1,2004-01-16 00:05:00,CRIMINAL TRESPASS,TO AIRPORT,AIRPORT/AIRCRAFT,True,76,41.976290414,-87.905227221
2004,1,2004-01-16 08:25:00,CRIMINAL TRESPASS,TO LAND,AIRPORT/AIRCRAFT,True,76,41.976290414,-87.905227221
2004,1,2004-01-16 15:00:00,MOTOR VEHICLE THEFT,AUTOMOBILE,POLICE FACILITY/VEH PARKING LOT,False,76,41.976290414,-87.905227221
2004,1,2004-01-18 00:45:00,CRIMINAL TRESPASS,TO AIRPORT,AIRPORT/AIRCRAFT,True,76,41.976290414,-87.905227221
2004,1,2004-01-18 10:00:00,THEFT,FROM BUILDING,AIRPORT/AIRCRAFT,False,76,41.976290414,-87.905227221
2004,1,2004-01-15 19:50:00,BATTERY,SIMPLE,RESIDENCE PORCH/HALLWAY,False,76,41.97375634,-87.843179362
2004,1,2004-01-17 05:33:00,CRIMINAL TRESPASS,TO LAND,AIRPORT/AIRCRAFT,True,76,41.976290414,-87.905227221
2004,1,2004-01-18 07:45:00,CRIMINAL TRESPASS,TO LAND,AIRPORT/AIRCRAFT,True,76,41.976290414,-87.905227221
2004,1,2004-01-18 08:10:00,CRIMINAL TRESPASS,TO LAND,AIRPORT/AIRCRAFT,True,76,41.976290414,-87.905227221
2004,1,2004-01-19 18:30:00,CRIMINAL DAMAGE,TO PROPERTY,OTHER,False,76,41.979247605,-87.84000009399999
2004,1,2004-01-17 11:17:58,OTHER OFFENSE,SEX OFFENDER: FAIL REG NEW ADD,RESIDENCE,True,76,41.975988703,-87.84477671399999
2004,1,2004-01-20 14:35:00,THEFT,OVER $500,PARKING LOT/GARAGE(NON.RESID.),False,76,41.977370725,-87.84646524200001
2004,1,2004-01-20 17:48:00,WEAPONS VIOLATION,UNLAWFUL USE OTHER DANG WEAPON,AIRPORT/AIRCRAFT,True,76,41.976290414,-87.905227221
2004,1,2004-01-19 16:00:00,BURGLARY,FORCIBLE ENTRY,AIRPORT/AIRCRAFT,False,76,41.976290414,-87.905227221
2004,1,2004-01-19 08:38:00,CRIMINAL TRESPASS,TO LAND,AIRPORT/AIRCRAFT,True,76,41.976290414,-87.905227221
2004,1,2004-01-12 08:00:00,THEFT,OVER $500,AIRPORT/AIRCRAFT,False,76,41.976290414,-87.905227221
2004,1,2004-01-13 01:00:00,THEFT,OVER $500,PARKING LOT/GARAGE(NON.RESID.),False,76,41.977848233,-87.84646896
2004,1,2004-01-20 10:00:00,DECEPTIVE PRACTICE,"THEFT BY LESSEE,MOTOR VEH",AIRPORT/AIRCRAFT,False,76,41.976290414,-87.905227221
2004,1,2004-01-21 18:00:00,THEFT,POCKET-PICKING,AIRPORT/AIRCRAFT,False,76,41.976290414,-87.905227221
2004,1,2004-01-21 12:00:00,OTHER OFFENSE,HARASSMENT BY TELEPHONE,AIRPORT/AIRCRAFT,False,76,41.976290414,-87.905227221
2004,1,2004-01-20 13:40:00,DECEPTIVE PRACTICE,COUNTERFEITING DOCUMENT,AIRPORT/AIRCRAFT,False,76,41.976290414,-87.905227221
2004,1,2004-01-18 18:50:00,CRIMINAL TRESPASS,TO LAND,CTA PLATFORM,True,76,41.976290414,-87.905227221
2004,1,2004-01-22 19:10:00,BATTERY,SIMPLE,AIRPORT/AIRCRAFT,True,76,41.976290414,-87.905227221
2004,1,2004-01-22 12:30:00,THEFT,OVER $500,AIRPORT/AIRCRAFT,False,76,41.976290414,-87.905227221
2004,1,2004-01-23 07:00:00,THEFT,$500 AND UNDER,AIRPORT/AIRCRAFT,False,76,41.976290414,-87.905227221
2004,1,2004-01-22 17:50:00,CRIMINAL TRESPASS,TO LAND,COMMERCIAL / BUSINESS OFFICE,False,76,41.987384881,-87.843369092
2004,1,2004-01-24 06:00:00,BATTERY,DOMESTIC BATTERY SIMPLE,APARTMENT,False,76,41.973754145,-87.84330809
2004,1,2004-01-23 18:00:00,THEFT,$500 AND UNDER,RESIDENCE-GARAGE,False,76,41.977609479,-87.846467101
2004,1,2004-01-24 00:40:00,CRIMINAL TRESPASS,TO AIRPORT,AIRPORT/AIRCRAFT,True,76,41.976290414,-87.905227221
2004,1,2004-01-22 00:01:00,OTHER OFFENSE,HARASSMENT BY TELEPHONE,AIRPORT/AIRCRAFT,False,76,41.976290414,-87.905227221
2004,1,2004-01-22 08:15:00,BATTERY,SIMPLE,AIRPORT/AIRCRAFT,True,76,41.976290414,-87.905227221
2004,1,2004-01-23 08:30:00,CRIMINAL TRESPASS,TO LAND,AIRPORT/AIRCRAFT,True,76,41.976290414,-87.905227221
2004,1,2004-01-23 01:00:00,CRIMINAL TRESPASS,TO AIRPORT,AIRPORT/AIRCRAFT,True,76,41.976290414,-87.905227221
2004,1,2004-01-22 08:37:00,CRIMINAL TRESPASS,TO LAND,AIRPORT/AIRCRAFT,True,76,41.976290414,-87.905227221
2004,1,2004-01-22 06:40:00,CRIMINAL TRESPASS,TO LAND,AIRPORT/AIRCRAFT,True,76,41.976290414,-87.905227221
2004,1,2004-01-25 15:10:00,THEFT,OVER $500,VEHICLE NON-COMMERCIAL,False,76,41.952087328000005,-87.83726860200001
2004,1,2004-01-24 04:47:00,PUBLIC PEACE VIOLATION,BOMB THREAT,AIRPORT/AIRCRAFT,True,76,41.976290414,-87.905227221
2004,1,2004-01-25 12:33:44,PUBLIC PEACE VIOLATION,BOMB THREAT,CTA GARAGE / OTHER PROPERTY,False,76,41.984852992,-87.83658031200001
2004,1,2004-01-21 11:00:00,THEFT,$500 AND UNDER,AIRPORT/AIRCRAFT,False,76,41.976290414,-87.905227221
2004,1,2004-01-23 16:30:00,BATTERY,SIMPLE,ALLEY,False,76,41.976290414,-87.905227221
2004,1,2004-01-25 15:30:00,ASSAULT,SIMPLE,AIRPORT/AIRCRAFT,False,76,41.976290414,-87.905227221
2004,1,2004-01-23 14:30:00,BATTERY,SIMPLE,AIRPORT/AIRCRAFT,False,76,41.976290414,-87.905227221
2004,1,2004-01-20 18:30:00,THEFT,$500 AND UNDER,AIRPORT/AIRCRAFT,False,76,41.976290414,-87.905227221
2004,1,2004-01-26 09:12:00,CRIMINAL TRESPASS,TO LAND,AIRPORT/AIRCRAFT,True,76,41.976290414,-87.905227221
2004,1,2004-01-26 09:00:00,CRIMINAL TRESPASS,TO LAND,AIRPORT/AIRCRAFT,True,76,41.976290414,-87.905227221
2004,1,2004-01-22 17:05:00,ASSAULT,SIMPLE,PARKING LOT/GARAGE(NON.RESID.),False,76,41.981106764,-87.83776061399999
2004,1,2004-01-25 00:40:00,CRIMINAL TRESPASS,TO AIRPORT,AIRPORT/AIRCRAFT,True,76,41.976290414,-87.905227221
2004,1,2004-01-26 07:15:00,BURGLARY,FORCIBLE ENTRY,RESIDENCE,False,76,41.971443547,-87.846539801
2004,1,2004-01-27 00:50:00,CRIMINAL TRESPASS,TO AIRPORT,AIRPORT/AIRCRAFT,True,76,41.976290414,-87.905227221
2004,1,2004-01-26 20:00:00,OTHER OFFENSE,TELEPHONE THREAT,AIRPORT/AIRCRAFT,False,76,41.976290414,-87.905227221
2004,1,2004-01-24 20:00:00,CRIMINAL DAMAGE,TO PROPERTY,RESIDENCE,False,76,41.977609479,-87.846467101
2004,1,2004-01-25 23:30:00,CRIMINAL DAMAGE,TO VEHICLE,STREET,False,76,41.970940614,-87.83929931700001
2004,1,2004-01-28 13:10:00,CRIMINAL TRESPASS,TO AIRPORT,AIRPORT/AIRCRAFT,True,76,41.976290414,-87.905227221
2004,1,2004-01-28 20:45:00,CRIMINAL DAMAGE,TO PROPERTY,AIRPORT/AIRCRAFT,True,76,41.976290414,-87.905227221
2004,1,2004-01-27 13:30:00,CRIMINAL TRESPASS,TO LAND,HOTEL/MOTEL,True,76,41.976290414,-87.905227221
2004,1,2004-01-25 10:00:00,CRIMINAL DAMAGE,TO PROPERTY,AIRPORT/AIRCRAFT,False,76,41.976290414,-87.905227221
2004,1,2004-01-28 05:45:00,OTHER OFFENSE,OTHER VEHICLE OFFENSE,AIRPORT/AIRCRAFT,False,76,41.976290414,-87.905227221
2004,1,2004-01-29 07:40:00,THEFT,FROM BUILDING,AIRPORT/AIRCRAFT,False,76,41.976290414,-87.905227221
2004,1,2004-01-29 08:30:00,DECEPTIVE PRACTICE,"THEFT BY LESSEE,MOTOR VEH",AIRPORT/AIRCRAFT,False,76,41.976290414,-87.905227221
2004,1,2004-01-27 21:30:00,THEFT,$500 AND UNDER,AIRPORT/AIRCRAFT,False,76,41.976290414,-87.905227221
2004,1,2004-01-24 00:01:00,DECEPTIVE PRACTICE,THEFT OF LABOR/SERVICES,AIRPORT/AIRCRAFT,False,76,41.976290414,-87.905227221
2004,1,2004-01-29 15:20:00,CRIMINAL TRESPASS,TO AIRPORT,AIRPORT/AIRCRAFT,True,76,41.976290414,-87.905227221
2004,1,2004-01-25 10:43:00,THEFT,$500 AND UNDER,AIRPORT/AIRCRAFT,False,76,41.976290414,-87.905227221
2004,1,2004-01-29 22:00:00,MOTOR VEHICLE THEFT,AUTOMOBILE,STREET,False,76,41.971775586,-87.846537272
2004,1,2004-01-25 12:00:00,THEFT,FROM BUILDING,AIRPORT/AIRCRAFT,False,76,41.976290414,-87.905227221
2004,1,2004-01-29 19:20:00,ASSAULT,SIMPLE,CTA TRAIN,True,76,41.976290414,-87.905227221
2004,1,2004-01-30 22:00:00,THEFT,OVER $500,RESIDENCE,False,76,41.974338479000004,-87.84519753
2004,1,2004-01-31 21:30:00,OTHER OFFENSE,TELEPHONE THREAT,APARTMENT,False,76,41.974214993000004,-87.845198473
2004,1,2004-01-26 22:30:00,BATTERY,SIMPLE,AIRPORT/AIRCRAFT,False,76,41.976290414,-87.905227221
2004,1,2004-01-30 12:00:00,CRIMINAL DAMAGE,TO PROPERTY,AIRPORT/AIRCRAFT,False,76,41.976290414,-87.905227221
2004,1,2004-01-31 00:30:00,CRIMINAL TRESPASS,TO AIRPORT,AIRPORT/AIRCRAFT,True,76,41.976290414,-87.905227221
2004,1,2004-01-31 08:05:00,CRIMINAL TRESPASS,TO LAND,AIRPORT/AIRCRAFT,True,76,41.976290414,-87.905227221
2004,1,2004-01-30 11:00:00,CRIMINAL TRESPASS,TO LAND,APARTMENT,False,76,41.97509547,-87.84445623799999
2004,1,2004-01-28 00:00:00,THEFT,OVER $500,AIRPORT/AIRCRAFT,False,76,41.976290414,-87.905227221
2004,1,2004-01-31 09:30:00,DECEPTIVE PRACTICE,FORGERY,BANK,True,76,41.986930009,-87.84031964399999
2004,1,2004-01-30 07:36:00,MOTOR VEHICLE THEFT,AUTOMOBILE,AIRPORT/AIRCRAFT,False,76,41.976290414,-87.905227221
2004,1,2004-01-31 14:50:00,THEFT,$500 AND UNDER,AIRPORT/AIRCRAFT,False,76,41.976290414,-87.905227221
2004,1,2004-01-31 21:00:00,CRIMINAL DAMAGE,TO VEHICLE,AIRPORT/AIRCRAFT,False,76,41.976290414,-87.905227221
2004,1,2004-01-30 08:30:00,THEFT,OVER $500,OTHER,True,76,41.976290414,-87.905227221
2004,1,2004-01-02 16:00:00,DECEPTIVE PRACTICE,"THEFT BY LESSEE,MOTOR VEH",AIRPORT/AIRCRAFT,True,76,41.976290414,-87.905227221
2004,1,2004-01-14 14:00:00,DECEPTIVE PRACTICE,"THEFT BY LESSEE,MOTOR VEH",AIRPORT/AIRCRAFT,True,76,41.976290414,-87.905227221
2004,1,2004-01-31 11:15:00,ASSAULT,SIMPLE,STREET,False,76,41.95524045,-87.92429799700001
2004,1,2004-01-30 21:00:00,DECEPTIVE PRACTICE,STOLEN PROP: BUY/RECEIVE/POS.,AIRPORT/AIRCRAFT,False,76,41.976290414,-87.905227221
2004,1,2004-01-26 12:00:00,MOTOR VEHICLE THEFT,AUTOMOBILE,PARKING LOT/GARAGE(NON.RESID.),False,76,41.976290414,-87.905227221
2004,1,2004-01-07 12:52:00,MOTOR VEHICLE THEFT,AUTOMOBILE,PARKING LOT/GARAGE(NON.RESID.),False,76,41.976290414,-87.905227221
2004,1,2004-01-11 15:15:00,NARCOTICS,POSS: CANNABIS 30GMS OR LESS,AIRPORT/AIRCRAFT,True,76,41.976290414,-87.905227221
2004,1,2004-01-13 23:25:00,MOTOR VEHICLE THEFT,AUTOMOBILE,AIRPORT/AIRCRAFT,False,76,41.976290414,-87.905227221
2004,1,2004-01-17 23:35:00,MOTOR VEHICLE THEFT,AUTOMOBILE,AIRPORT/AIRCRAFT,False,76,41.976290414,-87.905227221
2004,1,2004-01-18 02:00:00,NARCOTICS,POSS: CRACK,RESIDENCE,True,76,41.977730236,-87.846469859
2004,1,2004-01-11 09:00:00,CRIMINAL DAMAGE,TO VEHICLE,STREET,False,76,41.973795283,-87.841377098
2004,1,2004-01-31 20:30:00,DECEPTIVE PRACTICE,"THEFT BY LESSEE,MOTOR VEH",AIRPORT/AIRCRAFT,False,76,41.976290414,-87.905227221
2004,1,2004-01-23 18:40:00,NARCOTICS,POSS: CANNABIS MORE THAN 30GMS,RESIDENCE,True,76,41.975978414000004,-87.83662354
2004,1,2004-01-05 19:00:00,DECEPTIVE PRACTICE,"THEFT BY LESSEE,MOTOR VEH",AIRPORT/AIRCRAFT,False,76,41.976290414,-87.905227221
2004,1,2004-01-11 16:25:00,PUBLIC PEACE VIOLATION,OTHER VIOLATION,AIRPORT/AIRCRAFT,True,76,41.976290414,-87.905227221
2004,1,2004-01-07 11:00:00,MOTOR VEHICLE THEFT,AUTOMOBILE,AIRPORT/AIRCRAFT,False,76,41.976290414,-87.905227221
2004,1,2004-01-27 09:00:00,DECEPTIVE PRACTICE,BOGUS CHECK,SAVINGS AND LOAN,False,76,41.976290414,-87.905227221
2004,1,2004-01-09 00:01:00,DECEPTIVE PRACTICE,BOGUS CHECK,CREDIT UNION,False,76,41.976290414,-87.905227221
2004,1,2004-01-17 14:00:00,THEFT,FROM BUILDING,AIRPORT/AIRCRAFT,False,76,41.976290414,-87.905227221
2004,1,2004-01-15 12:00:00,DECEPTIVE PRACTICE,CREDIT CARD FRAUD,RESIDENCE,False,76,41.959815586,-87.840580178
2004,1,2004-01-01 11:10:00,OTHER OFFENSE,HARASSMENT BY TELEPHONE,AIRPORT/AIRCRAFT,False,76,41.976290414,-87.905227221
2004,2,2004-02-01 16:00:00,MOTOR VEHICLE THEFT,AUTOMOBILE,STREET,False,76,41.977848233,-87.84646896
2004,2,2004-02-02 08:30:00,THEFT,$500 AND UNDER,PARKING LOT/GARAGE(NON.RESID.),False,76,41.984622486,-87.836582104
2004,2,2004-02-01 00:50:00,CRIMINAL TRESPASS,TO AIRPORT,AIRPORT/AIRCRAFT,True,76,41.976290414,-87.905227221
2004,2,2004-02-02 19:00:00,CRIMINAL DAMAGE,TO VEHICLE,PARKING LOT/GARAGE(NON.RESID.),False,76,41.980971834,-87.84469448899999
2004,2,2004-02-02 08:10:00,CRIMINAL TRESPASS,TO LAND,AIRPORT/AIRCRAFT,True,76,41.976290414,-87.905227221
2004,2,2004-02-02 00:30:00,CRIMINAL TRESPASS,TO AIRPORT,AIRPORT/AIRCRAFT,True,76,41.976290414,-87.905227221
2004,2,2004-02-02 17:15:00,BATTERY,SIMPLE,AIRPORT/AIRCRAFT,True,76,41.976290414,-87.905227221
2004,2,2004-02-02 06:00:00,THEFT,$500 AND UNDER,AIRPORT/AIRCRAFT,False,76,41.976290414,-87.905227221
2004,2,2004-02-02 18:50:00,BATTERY,SIMPLE,AIRPORT/AIRCRAFT,True,76,41.976290414,-87.905227221
2004,2,2004-02-03 23:00:00,ASSAULT,AGG PO HANDS NO/MIN INJURY,CTA TRAIN,True,76,41.976290414,-87.905227221
2004,2,2004-02-03 12:00:00,THEFT,OVER $500,AIRPORT/AIRCRAFT,False,76,41.976290414,-87.905227221
2004,2,2004-02-04 00:15:00,CRIMINAL TRESPASS,TO AIRPORT,AIRPORT/AIRCRAFT,True,76,41.976290414,-87.905227221
2004,2,2004-02-04 04:10:00,CRIMINAL DAMAGE,TO PROPERTY,CTA TRAIN,False,76,41.976290414,-87.905227221
2004,2,2004-02-05 10:30:00,THEFT,OVER $500,PARKING LOT/GARAGE(NON.RESID.),False,76,41.981015746,-87.842123304
2004,2,2004-02-02 10:30:00,CRIMINAL DAMAGE,TO PROPERTY,AIRPORT/AIRCRAFT,False,76,41.976290414,-87.905227221
2004,2,2004-02-03 08:00:00,CRIMINAL TRESPASS,TO LAND,AIRPORT/AIRCRAFT,True,76,41.976290414,-87.905227221
2004,2,2004-02-04 10:00:00,OTHER OFFENSE,TELEPHONE THREAT,AIRPORT/AIRCRAFT,False,76,41.976290414,-87.905227221
2004,2,2004-02-03 22:00:00,MOTOR VEHICLE THEFT,"TRUCK, BUS, MOTOR HOME",PARKING LOT/GARAGE(NON.RESID.),True,76,41.977730236,-87.846469859
2004,2,2004-02-02 06:00:00,THEFT,OVER $500,OTHER,False,76,41.952524,-87.91074996
2004,2,2004-02-05 11:30:00,BATTERY,DOMESTIC BATTERY SIMPLE,RESIDENCE,False,76,41.977609479,-87.846467101
2004,2,2004-02-04 17:30:00,THEFT,FROM BUILDING,AIRPORT/AIRCRAFT,False,76,41.976290414,-87.905227221
2004,2,2004-02-05 08:15:00,WEAPONS VIOLATION,UNLAWFUL USE OTHER DANG WEAPON,AIRPORT/AIRCRAFT,False,76,41.976290414,-87.905227221
2004,2,2004-02-05 10:26:08,THEFT,$500 AND UNDER,AIRPORT/AIRCRAFT,False,76,41.976290414,-87.905227221
2004,2,2004-02-05 12:00:00,THEFT,OVER $500,AIRPORT/AIRCRAFT,False,76,41.976290414,-87.905227221
2004,2,2004-02-06 17:00:00,WEAPONS VIOLATION,UNLAWFUL POSS AMMUNITION,AIRPORT/AIRCRAFT,True,76,41.976290414,-87.905227221
2004,2,2004-02-06 19:55:00,BATTERY,SIMPLE,AIRPORT/AIRCRAFT,True,76,41.976290414,-87.905227221
2004,2,2004-02-07 00:15:00,BATTERY,DOMESTIC BATTERY SIMPLE,RESIDENCE,False,76,41.974157367,-87.84519891299999
2004,2,2004-02-06 22:00:00,CRIMINAL DAMAGE,TO PROPERTY,RESIDENCE-GARAGE,False,76,41.962322285,-87.838314328
2004,2,2004-02-02 05:00:00,THEFT,OVER $500,PARKING LOT/GARAGE(NON.RESID.),False,76,41.976290414,-87.905227221
2004,2,2004-02-07 17:00:00,THEFT,POCKET-PICKING,AIRPORT/AIRCRAFT,False,76,41.976290414,-87.905227221
2004,2,2004-02-06 17:00:00,CRIMINAL TRESPASS,TO LAND,HOTEL/MOTEL,True,76,41.976290414,-87.905227221
2004,2,2004-02-07 04:20:00,CRIMINAL TRESPASS,TO LAND,AIRPORT/AIRCRAFT,True,76,41.976290414,-87.905227221
2004,2,2004-02-07 12:10:00,BATTERY,SIMPLE,GROCERY FOOD STORE,True,76,41.965720818,-87.83668484100001
2004,2,2004-02-06 05:45:00,BATTERY,SIMPLE,AIRPORT/AIRCRAFT,False,76,41.976290414,-87.905227221
2004,2,2004-02-02 22:30:00,ASSAULT,SIMPLE,APARTMENT,False,76,41.977730236,-87.846469859
2004,2,2004-02-08 17:30:00,BURGLARY,UNLAWFUL ENTRY,APARTMENT,False,76,41.973766997,-87.84246217200001
2004,2,2004-02-07 21:10:00,ASSAULT,SIMPLE,AIRPORT/AIRCRAFT,True,76,41.976290414,-87.905227221
2004,2,2004-02-08 17:00:00,CRIMINAL TRESPASS,TO LAND,AIRPORT/AIRCRAFT,True,76,41.976290414,-87.905227221
2004,2,2004-02-05 17:40:00,THEFT,RETAIL THEFT,AIRPORT/AIRCRAFT,True,76,41.976290414,-87.905227221
2004,2,2004-02-08 18:30:00,THEFT,ATTEMPT THEFT,AIRPORT/AIRCRAFT,True,76,41.976290414,-87.905227221
2004,2,2004-02-08 00:30:00,CRIMINAL TRESPASS,TO LAND,AIRPORT/AIRCRAFT,True,76,41.976290414,-87.905227221
2004,2,2004-02-09 06:20:00,WEAPONS VIOLATION,UNLAWFUL USE OTHER DANG WEAPON,AIRPORT/AIRCRAFT,True,76,41.976290414,-87.905227221
2004,2,2004-02-10 08:15:00,CRIMINAL TRESPASS,TO LAND,AIRPORT/AIRCRAFT,True,76,41.976290414,-87.905227221
2004,2,2004-02-04 16:20:00,THEFT,$500 AND UNDER,PARKING LOT/GARAGE(NON.RESID.),False,76,41.976290414,-87.905227221
2004,2,2004-02-11 07:40:00,THEFT,OVER $500,PARKING LOT/GARAGE(NON.RESID.),False,76,41.984622486,-87.836582104
2004,2,2004-02-06 08:00:00,THEFT,OVER $500,AIRPORT/AIRCRAFT,False,76,41.976290414,-87.905227221
2004,2,2004-02-09 10:30:00,CRIMINAL DAMAGE,TO PROPERTY,AIRPORT/AIRCRAFT,True,76,41.976290414,-87.905227221
2004,2,2004-02-11 00:30:00,CRIMINAL TRESPASS,TO AIRPORT,AIRPORT/AIRCRAFT,True,76,41.976290414,-87.905227221
2004,2,2004-02-11 18:07:00,PUBLIC PEACE VIOLATION,BOMB THREAT,AIRPORT/AIRCRAFT,True,76,41.976290414,-87.905227221
2004,2,2004-02-12 09:00:00,ASSAULT,SIMPLE,AIRPORT/AIRCRAFT,False,76,41.976290414,-87.905227221
2004,2,2004-02-11 23:00:00,BATTERY,DOMESTIC BATTERY SIMPLE,APARTMENT,False,76,41.97744068,-87.83971247
2004,2,2004-02-13 00:00:00,CRIMINAL DAMAGE,TO PROPERTY,RESIDENCE PORCH/HALLWAY,False,76,41.970929518,-87.83990983700001
2004,2,2004-02-13 12:00:00,THEFT,OVER $500,PARKING LOT/GARAGE(NON.RESID.),False,76,41.984622486,-87.836582104
2004,2,2004-02-11 09:00:00,CRIMINAL TRESPASS,TO LAND,AIRPORT/AIRCRAFT,True,76,41.976290414,-87.905227221
2004,2,2004-02-13 10:00:00,THEFT,$500 AND UNDER,CTA GARAGE / OTHER PROPERTY,False,76,41.984622486,-87.836582104
2004,2,2004-02-14 15:30:00,THEFT,FROM BUILDING,COMMERCIAL / BUSINESS OFFICE,False,76,41.981104464,-87.837863613
2004,2,2004-02-12 08:30:00,CRIMINAL TRESPASS,TO LAND,AIRPORT/AIRCRAFT,True,76,41.976290414,-87.905227221
2004,2,2004-02-15 08:00:00,OTHER OFFENSE,OTHER VEHICLE OFFENSE,STREET,False,76,41.979252223,-87.83979778
2004,2,2004-02-14 19:30:00,BATTERY,DOMESTIC BATTERY SIMPLE,APARTMENT,False,76,41.974284227,-87.842770788
2004,2,2004-02-13 18:00:00,THEFT,$500 AND UNDER,PARKING LOT/GARAGE(NON.RESID.),False,76,41.982940281,-87.836580468
2004,2,2004-02-09 17:35:00,OTHER OFFENSE,TELEPHONE THREAT,RESIDENCE,False,76,41.976026366,-87.842669156
2004,2,2004-02-15 19:15:00,THEFT,OVER $500,AIRPORT/AIRCRAFT,False,76,41.976290414,-87.905227221
2004,2,2004-02-13 21:35:00,MOTOR VEHICLE THEFT,AUTOMOBILE,AIRPORT/AIRCRAFT,False,76,41.976290414,-87.905227221
2004,2,2004-02-14 17:45:00,MOTOR VEHICLE THEFT,AUTOMOBILE,AIRPORT/AIRCRAFT,False,76,41.976290414,-87.905227221
2004,2,2004-02-14 17:45:00,MOTOR VEHICLE THEFT,AUTOMOBILE,AIRPORT/AIRCRAFT,False,76,41.976290414,-87.905227221
2004,2,2004-02-14 01:20:00,CRIMINAL TRESPASS,TO AIRPORT,AIRPORT/AIRCRAFT,True,76,41.976290414,-87.905227221
2004,2,2004-02-03 13:00:00,CRIMINAL DAMAGE,TO VEHICLE,AIRPORT/AIRCRAFT,False,76,41.976290414,-87.905227221
2004,2,2004-02-14 18:55:00,CRIMINAL TRESPASS,TO AIRPORT,AIRPORT/AIRCRAFT,True,76,41.976290414,-87.905227221
2004,2,2004-02-16 00:25:00,CRIMINAL TRESPASS,TO AIRPORT,AIRPORT/AIRCRAFT,True,76,41.976290414,-87.905227221
2004,2,2004-02-16 05:05:00,ROBBERY,ARMED: HANDGUN,STREET,False,76,41.973247689000004,-87.841028277
2004,2,2004-02-15 18:00:00,THEFT,POCKET-PICKING,AIRPORT/AIRCRAFT,False,76,41.976290414,-87.905227221
2004,2,2004-02-16 11:40:00,ASSAULT,SIMPLE,STREET,False,76,41.976290414,-87.905227221
2004,2,2004-02-14 13:00:00,THEFT,FROM BUILDING,OTHER,False,76,41.979243301,-87.840275962
2004,2,2004-02-14 07:30:00,THEFT,OVER $500,AIRPORT/AIRCRAFT,False,76,41.976290414,-87.905227221
2004,2,2004-02-16 08:00:00,CRIMINAL TRESPASS,TO LAND,AIRPORT/AIRCRAFT,True,76,41.976290414,-87.905227221
2004,2,2004-02-15 19:15:00,THEFT,$500 AND UNDER,AIRPORT/AIRCRAFT,False,76,41.976290414,-87.905227221
2004,2,2004-02-17 00:45:00,CRIMINAL TRESPASS,TO AIRPORT,AIRPORT/AIRCRAFT,True,76,41.976290414,-87.905227221
2004,2,2004-02-18 09:30:00,CRIMINAL DAMAGE,TO VEHICLE,STREET,False,76,41.979204816999996,-87.842181355
2004,2,2004-02-14 20:15:00,THEFT,FROM BUILDING,AIRPORT/AIRCRAFT,False,76,41.976290414,-87.905227221
2004,2,2004-02-18 15:30:00,THEFT,FROM BUILDING,OTHER,False,76,41.979243301,-87.840275962
2004,2,2004-02-17 11:30:00,THEFT,OVER $500,OTHER,False,76,41.976290414,-87.905227221
2004,2,2004-02-17 08:00:00,CRIMINAL DAMAGE,CRIMINAL DEFACEMENT,AIRPORT/AIRCRAFT,False,76,41.976290414,-87.905227221
2004,2,2004-02-17 09:00:00,CRIMINAL DAMAGE,TO VEHICLE,AIRPORT/AIRCRAFT,False,76,41.976290414,-87.905227221
2004,2,2004-02-17 13:40:00,CRIMINAL TRESPASS,TO LAND,AIRPORT/AIRCRAFT,True,76,41.976290414,-87.905227221
2004,2,2004-02-17 13:05:00,ASSAULT,SIMPLE,AIRPORT/AIRCRAFT,True,76,41.976290414,-87.905227221
2004,2,2004-02-18 00:48:00,PUBLIC PEACE VIOLATION,FALSE FIRE ALARM,AIRPORT/AIRCRAFT,True,76,41.976290414,-87.905227221
2004,2,2004-02-17 12:10:00,BATTERY,DOMESTIC BATTERY SIMPLE,APARTMENT,False,76,41.977609479,-87.846467101
2004,2,2004-02-18 19:45:00,OTHER OFFENSE,TELEPHONE THREAT,AIRPORT/AIRCRAFT,False,76,41.976290414,-87.905227221
2004,2,2004-02-18 07:57:00,THEFT,RETAIL THEFT,SMALL RETAIL STORE,True,76,41.976290414,-87.905227221
2004,2,2004-02-20 03:00:00,ASSAULT,SIMPLE,RESIDENCE,False,76,41.978342157,-87.840032827
2004,2,2004-02-19 11:10:00,ASSAULT,SIMPLE,APARTMENT,False,76,41.975135557,-87.84227514
2004,2,2004-02-19 08:30:00,CRIMINAL DAMAGE,TO PROPERTY,APARTMENT,False,76,41.975075716,-87.845618497
2004,2,2004-02-20 06:00:00,THEFT,$500 AND UNDER,AIRPORT/AIRCRAFT,False,76,41.976290414,-87.905227221
2004,2,2004-02-18 22:40:00,BATTERY,DOMESTIC BATTERY SIMPLE,AIRPORT/AIRCRAFT,True,76,41.976290414,-87.905227221
2004,2,2004-02-19 00:30:00,CRIMINAL TRESPASS,TO AIRPORT,AIRPORT/AIRCRAFT,True,76,41.976290414,-87.905227221
2004,2,2004-02-19 08:25:00,CRIMINAL TRESPASS,TO LAND,AIRPORT/AIRCRAFT,True,76,41.976290414,-87.905227221
2004,2,2004-02-19 09:50:00,CRIMINAL TRESPASS,TO LAND,AIRPORT/AIRCRAFT,True,76,41.976290414,-87.905227221
2004,2,2004-02-19 13:00:00,CRIMINAL TRESPASS,TO LAND,AIRPORT/AIRCRAFT,True,76,41.976290414,-87.905227221
2004,2,2004-02-20 09:30:00,THEFT,RETAIL THEFT,AIRPORT/AIRCRAFT,True,76,41.976290414,-87.905227221
2004,2,2004-02-20 11:10:00,BATTERY,DOMESTIC BATTERY SIMPLE,AIRPORT/AIRCRAFT,True,76,41.976290414,-87.905227221
2004,2,2004-02-09 18:00:00,OTHER OFFENSE,OTHER VEHICLE OFFENSE,OTHER,False,76,41.973295526,-87.862908749
2004,2,2004-02-20 16:00:00,CRIMINAL TRESPASS,TO AIRPORT,AIRPORT/AIRCRAFT,True,76,41.976290414,-87.905227221
2004,2,2004-02-21 06:20:00,BATTERY,DOMESTIC BATTERY SIMPLE,SIDEWALK,False,76,41.976854005,-87.842409045
2004,2,2004-02-22 16:15:00,CRIMINAL DAMAGE,TO PROPERTY,APARTMENT,False,76,41.974157367,-87.84519891299999
2004,2,2004-02-17 12:00:00,CRIMINAL DAMAGE,TO VEHICLE,AIRPORT/AIRCRAFT,True,76,41.976290414,-87.905227221
2004,2,2004-02-21 16:45:00,BATTERY,SIMPLE,AIRPORT/AIRCRAFT,False,76,41.976290414,-87.905227221
2004,2,2004-02-21 20:00:00,THEFT,OVER $500,AIRPORT/AIRCRAFT,False,76,41.976290414,-87.905227221
2004,2,2004-02-22 09:30:00,THEFT,FROM BUILDING,AIRPORT/AIRCRAFT,False,76,41.976290414,-87.905227221
2004,2,2004-02-22 01:10:00,THEFT,$500 AND UNDER,RESIDENCE,False,76,41.977609479,-87.846467101
2004,2,2004-02-23 12:00:00,THEFT,OVER $500,STREET,False,76,41.986930009,-87.84031964399999
2004,2,2004-02-17 17:00:00,MOTOR VEHICLE THEFT,"TRUCK, BUS, MOTOR HOME",AIRPORT/AIRCRAFT,False,76,41.976290414,-87.905227221
2004,2,2004-02-23 16:25:00,BATTERY,SIMPLE,AIRPORT/AIRCRAFT,True,76,41.976290414,-87.905227221
2004,2,2004-02-21 18:00:00,THEFT,$500 AND UNDER,PARKING LOT/GARAGE(NON.RESID.),False,76,41.97855782,-87.836588785
2004,2,2004-02-20 08:00:00,THEFT,OVER $500,PARKING LOT/GARAGE(NON.RESID.),False,76,41.984622486,-87.836582104
2004,2,2004-02-24 18:00:00,OTHER OFFENSE,HARASSMENT BY TELEPHONE,RESIDENCE,False,76,41.97925443,-87.83967271799999
2004,2,2004-02-19 12:01:00,CRIMINAL DAMAGE,TO VEHICLE,AIRPORT/AIRCRAFT,False,76,41.976290414,-87.905227221
2004,2,2004-02-22 20:00:00,CRIMINAL DAMAGE,TO PROPERTY,AIRPORT/AIRCRAFT,False,76,41.976290414,-87.905227221
2004,2,2004-02-23 07:45:00,THEFT,$500 AND UNDER,AIRPORT/AIRCRAFT,False,76,41.976290414,-87.905227221
2004,2,2004-02-18 17:00:00,CRIMINAL DAMAGE,TO VEHICLE,AIRPORT/AIRCRAFT,False,76,41.976290414,-87.905227221
2004,2,2004-02-24 16:55:00,THEFT,$500 AND UNDER,AIRPORT/AIRCRAFT,True,76,41.976290414,-87.905227221
2004,2,2004-02-23 08:00:00,THEFT,RETAIL THEFT,AIRPORT/AIRCRAFT,False,76,41.976290414,-87.905227221
2004,2,2004-02-25 12:30:00,THEFT,OVER $500,PARKING LOT/GARAGE(NON.RESID.),False,76,41.986749008000004,-87.839070444
2004,2,2004-02-14 08:00:00,THEFT,OVER $500,RESIDENCE,False,76,41.977968974,-87.84646804100001
2004,2,2004-02-25 02:30:00,THEFT,FROM BUILDING,RESIDENCE PORCH/HALLWAY,True,76,41.978086970999996,-87.84646714200001
2004,2,2004-02-25 17:00:00,THEFT,FROM BUILDING,HOTEL/MOTEL,False,76,41.986989467,-87.840745861
2004,2,2004-02-26 20:30:00,THEFT,FROM BUILDING,AIRPORT/AIRCRAFT,False,76,41.976290414,-87.905227221
2004,2,2004-02-22 04:40:00,DECEPTIVE PRACTICE,THEFT OF LABOR/SERVICES,TAXICAB,False,76,41.973412087,-87.838416015
2004,2,2004-02-27 17:51:48,DECEPTIVE PRACTICE,CREDIT CARD FRAUD,RESIDENCE,False,76,41.97603312,-87.842323409
2004,2,2004-02-27 18:20:00,CRIMINAL DAMAGE,TO VEHICLE,STREET,False,76,41.966239473,-87.83668449
2004,2,2004-02-28 00:00:00,THEFT,OVER $500,PARKING LOT/GARAGE(NON.RESID.),False,76,41.978337427,-87.840209395
2004,2,2004-02-24 07:15:00,THEFT,$500 AND UNDER,RESIDENCE,False,76,41.971479220999996,-87.846539529
2004,2,2004-02-25 16:35:00,CRIMINAL DAMAGE,TO VEHICLE,STREET,False,76,41.975983872,-87.84493121
2004,2,2004-02-13 13:00:00,THEFT,OVER $500,RESIDENCE,False,76,41.975752627,-87.841545914
2004,2,2004-02-27 13:20:00,THEFT,$500 AND UNDER,OTHER,False,76,41.97855782,-87.836588785
2004,2,2004-02-28 15:00:00,THEFT,FROM BUILDING,OTHER,False,76,41.977609479,-87.846467101
2004,2,2004-02-29 00:01:00,CRIMINAL DAMAGE,TO PROPERTY,OTHER,False,76,41.977436061,-87.839914779
2004,2,2004-02-27 02:00:00,CRIM SEXUAL ASSAULT,NON-AGGRAVATED,RESIDENCE,False,76,41.97833533,-87.840360199
2004,2,2004-02-29 15:30:00,THEFT,OVER $500,STREET,False,76,41.97744068,-87.83971247
2004,2,2004-02-29 17:00:00,THEFT,OVER $500,AIRPORT/AIRCRAFT,False,76,41.976290414,-87.905227221
2004,2,2004-02-29 03:30:00,BATTERY,DOMESTIC BATTERY SIMPLE,RESIDENCE PORCH/HALLWAY,False,76,41.977848233,-87.84646896
2004,2,2004-02-15 15:00:00,THEFT,FROM BUILDING,AIRPORT/AIRCRAFT,False,76,41.976290414,-87.905227221
2004,2,2004-02-29 19:15:00,ASSAULT,AGGRAVATED: OTHER DANG WEAPON,STREET,False,76,41.975174339,-87.839799845
2004,2,2004-02-12 15:30:00,THEFT,FROM BUILDING,AIRPORT/AIRCRAFT,False,76,41.976290414,-87.905227221
2004,2,2004-02-29 09:30:00,DECEPTIVE PRACTICE,BOGUS CHECK,TAXICAB,False,76,41.976290414,-87.905227221
2004,2,2004-02-15 05:00:00,THEFT,$500 AND UNDER,OTHER,True,76,41.977730236,-87.846469859
2004,2,2004-02-28 14:00:00,DECEPTIVE PRACTICE,ILLEGAL USE CASH CARD,ATM (AUTOMATIC TELLER MACHINE),False,76,41.976290414,-87.905227221
2004,2,2004-02-04 14:00:00,OTHER OFFENSE,HARASSMENT BY TELEPHONE,RESIDENCE,False,76,41.977609479,-87.846467101
2004,2,2004-02-24 13:00:00,MOTOR VEHICLE THEFT,AUTOMOBILE,AIRPORT/AIRCRAFT,False,76,41.976290414,-87.905227221
2004,2,2004-02-24 13:00:00,MOTOR VEHICLE THEFT,AUTOMOBILE,AIRPORT/AIRCRAFT,False,76,41.976290414,-87.905227221
2004,2,2004-02-24 13:00:00,MOTOR VEHICLE THEFT,AUTOMOBILE,AIRPORT/AIRCRAFT,True,76,41.976290414,-87.905227221
2004,2,2004-02-25 00:40:00,CRIMINAL TRESPASS,TO AIRPORT,AIRPORT/AIRCRAFT,True,76,41.976290414,-87.905227221
2004,2,2004-02-24 08:34:00,CRIMINAL TRESPASS,TO LAND,AIRPORT/AIRCRAFT,True,76,41.976290414,-87.905227221
2004,2,2004-02-23 16:37:00,STALKING,SIMPLE,AIRPORT/AIRCRAFT,False,76,41.976290414,-87.905227221
2004,2,2004-02-29 18:46:00,MOTOR VEHICLE THEFT,THEFT/RECOVERY: AUTOMOBILE,AIRPORT/AIRCRAFT,True,76,41.976290414,-87.905227221
2004,2,2004-02-22 19:45:00,THEFT,POCKET-PICKING,AIRPORT/AIRCRAFT,False,76,41.976290414,-87.905227221
2004,2,2004-02-25 08:15:00,CRIMINAL TRESPASS,TO LAND,AIRPORT/AIRCRAFT,True,76,41.976290414,-87.905227221
2004,2,2004-02-29 19:55:00,THEFT,$500 AND UNDER,AIRPORT/AIRCRAFT,True,76,41.976290414,-87.905227221
2004,2,2004-02-25 08:00:00,CRIMINAL TRESPASS,TO LAND,AIRPORT/AIRCRAFT,True,76,41.976290414,-87.905227221
2004,2,2004-02-25 19:45:00,CRIMINAL TRESPASS,TO LAND,AIRPORT/AIRCRAFT,True,76,41.976290414,-87.905227221
2004,2,2004-02-28 13:30:00,THEFT,$500 AND UNDER,AIRPORT/AIRCRAFT,False,76,41.976290414,-87.905227221
2004,2,2004-02-28 01:15:00,BATTERY,SIMPLE,CTA PLATFORM,True,76,41.976290414,-87.905227221
2004,2,2004-02-27 14:45:00,CRIMINAL DAMAGE,TO VEHICLE,PARKING LOT/GARAGE(NON.RESID.),False,76,41.976290414,-87.905227221
2004,2,2004-02-27 04:00:00,CRIMINAL TRESPASS,TO AIRPORT,AIRPORT/AIRCRAFT,True,76,41.976290414,-87.905227221
2004,2,2004-02-27 12:30:00,CRIMINAL TRESPASS,TO LAND,AIRPORT/AIRCRAFT,True,76,41.976290414,-87.905227221
2004,2,2004-02-27 15:40:00,CRIMINAL TRESPASS,TO AIRPORT,AIRPORT/AIRCRAFT,True,76,41.976290414,-87.905227221
2004,2,2004-02-19 20:15:00,CRIMINAL TRESPASS,TO LAND,CTA PLATFORM,True,76,41.976290414,-87.905227221
2004,2,2004-02-26 12:45:00,THEFT,$500 AND UNDER,AIRPORT/AIRCRAFT,False,76,41.976290414,-87.905227221
2004,2,2004-02-26 20:30:00,BATTERY,SIMPLE,STREET,False,76,41.976290414,-87.905227221
2004,2,2004-02-17 20:02:00,CRIMINAL TRESPASS,TO LAND,CTA PLATFORM,True,76,41.976290414,-87.905227221
2004,2,2004-02-19 15:19:00,CRIMINAL TRESPASS,TO LAND,CTA TRAIN,True,76,41.976290414,-87.905227221
2004,2,2004-02-10 14:50:00,CRIMINAL TRESPASS,TO LAND,CTA TRAIN,True,76,41.976290414,-87.905227221
2004,2,2004-02-27 08:25:00,CRIMINAL TRESPASS,TO LAND,AIRPORT/AIRCRAFT,True,76,41.976290414,-87.905227221
2004,2,2004-02-27 10:15:00,THEFT,$500 AND UNDER,AIRPORT/AIRCRAFT,False,76,41.976290414,-87.905227221
2004,2,2004-02-28 09:35:00,CRIMINAL TRESPASS,TO LAND,AIRPORT/AIRCRAFT,True,76,41.976290414,-87.905227221
2004,2,2004-02-29 08:36:00,CRIMINAL TRESPASS,TO LAND,AIRPORT/AIRCRAFT,True,76,41.976290414,-87.905227221
2004,2,2004-02-21 14:00:00,THEFT,$500 AND UNDER,AIRPORT/AIRCRAFT,False,76,41.976290414,-87.905227221
2004,2,2004-02-29 09:20:00,CRIMINAL TRESPASS,TO LAND,AIRPORT/AIRCRAFT,True,76,41.976290414,-87.905227221
2004,2,2004-02-27 16:30:00,BURGLARY,UNLAWFUL ENTRY,FACTORY/MANUFACTURING BUILDING,False,76,41.976290414,-87.905227221
2004,2,2004-02-22 02:10:00,THEFT,$500 AND UNDER,CTA TRAIN,False,76,41.976290414,-87.905227221
2004,2,2004-02-09 03:30:00,ASSAULT,SIMPLE,CTA PLATFORM,False,76,41.976290414,-87.905227221
2004,2,2004-02-10 13:30:00,THEFT,FROM BUILDING,AIRPORT/AIRCRAFT,False,76,41.976290414,-87.905227221
2004,2,2004-02-07 10:20:00,NARCOTICS,POSS: COCAINE,ATHLETIC CLUB,True,76,41.97855782,-87.836588785
2004,2,2004-02-07 15:00:00,MOTOR VEHICLE THEFT,AUTOMOBILE,AIRPORT/AIRCRAFT,False,76,41.976290414,-87.905227221
2004,2,2004-02-14 00:47:00,DECEPTIVE PRACTICE,FRAUD OR CONFIDENCE GAME,AIRPORT/AIRCRAFT,True,76,41.976290414,-87.905227221
2004,2,2004-02-10 00:01:00,MOTOR VEHICLE THEFT,AUTOMOBILE,PARKING LOT/GARAGE(NON.RESID.),True,76,41.976290414,-87.905227221
2004,2,2004-02-14 00:01:00,MOTOR VEHICLE THEFT,"TRUCK, BUS, MOTOR HOME",PARKING LOT/GARAGE(NON.RESID.),False,76,41.976290414,-87.905227221
2004,2,2004-02-17 12:00:00,DECEPTIVE PRACTICE,"THEFT BY LESSEE,MOTOR VEH",AIRPORT/AIRCRAFT,True,76,41.976290414,-87.905227221
2004,2,2004-02-20 09:00:00,DECEPTIVE PRACTICE,"THEFT BY LESSEE,MOTOR VEH",OTHER,False,76,41.976290414,-87.905227221
2004,2,2004-02-21 13:20:00,CRIMINAL DAMAGE,TO PROPERTY,RESIDENCE,False,76,41.98016032,-87.83974295600001
2004,2,2004-02-27 13:00:00,DECEPTIVE PRACTICE,BOGUS CHECK,RESIDENCE,False,76,41.962147617,-87.841731436
2004,2,2004-02-22 00:01:00,DECEPTIVE PRACTICE,"THEFT BY LESSEE,MOTOR VEH",AIRPORT/AIRCRAFT,False,76,41.976290414,-87.905227221
2004,2,2004-02-05 12:00:00,DECEPTIVE PRACTICE,CREDIT CARD FRAUD,AIRPORT/AIRCRAFT,False,76,41.976290414,-87.905227221
2004,2,2004-02-25 19:00:00,PROSTITUTION,CALL OPERATION,RESIDENCE,True,76,41.975978414000004,-87.83662354
2004,2,2004-02-09 11:00:00,DECEPTIVE PRACTICE,CREDIT CARD FRAUD,DEPARTMENT STORE,False,76,41.977124702,-87.841539035
2004,2,2004-02-23 12:23:00,DECEPTIVE PRACTICE,"THEFT BY LESSEE,MOTOR VEH",AIRPORT/AIRCRAFT,False,76,41.976290414,-87.905227221
2004,2,2004-02-29 19:20:00,DECEPTIVE PRACTICE,"THEFT BY LESSEE,MOTOR VEH",AIRPORT/AIRCRAFT,False,76,41.976290414,-87.905227221
2004,2,2004-02-04 14:30:00,MOTOR VEHICLE THEFT,AUTOMOBILE,AIRPORT/AIRCRAFT,True,76,41.976290414,-87.905227221
2004,2,2004-02-20 09:00:00,THEFT,FROM BUILDING,RESIDENCE,True,76,41.977124702,-87.841539035
2004,2,2004-02-22 09:00:00,DECEPTIVE PRACTICE,"THEFT BY LESSEE,MOTOR VEH",AIRPORT/AIRCRAFT,True,76,41.976290414,-87.905227221
2004,2,2004-02-29 09:00:00,DECEPTIVE PRACTICE,"THEFT BY LESSEE,MOTOR VEH",AIRPORT/AIRCRAFT,False,76,41.976290414,-87.905227221
2004,2,2004-02-11 09:00:00,DECEPTIVE PRACTICE,"THEFT BY LESSEE,MOTOR VEH",AIRPORT/AIRCRAFT,False,76,41.976290414,-87.905227221
2004,2,2004-02-05 13:03:00,DECEPTIVE PRACTICE,"THEFT BY LESSEE,MOTOR VEH",AIRPORT/AIRCRAFT,False,76,41.976290414,-87.905227221
2004,2,2004-02-11 13:40:00,DECEPTIVE PRACTICE,"THEFT BY LESSEE,MOTOR VEH",COMMERCIAL / BUSINESS OFFICE,True,76,41.976290414,-87.905227221
2004,2,2004-02-01 08:00:00,OTHER OFFENSE,HARASSMENT BY TELEPHONE,RESIDENCE,False,76,41.971410618,-87.846540051
2004,2,2004-02-01 08:00:00,OFFENSE INVOLVING CHILDREN,AGG SEX ASSLT OF CHILD FAM MBR,RESIDENCE,False,76,41.971706983000004,-87.846537795
2004,2,2004-02-04 12:00:00,THEFT,FINANCIAL ID THEFT:$300 &UNDER,AIRPORT/AIRCRAFT,False,76,41.976290414,-87.905227221
2004,3,2004-03-01 08:10:00,ASSAULT,SIMPLE,AIRPORT/AIRCRAFT,False,76,41.976290414,-87.905227221
2004,3,2004-03-02 20:30:00,ASSAULT,SIMPLE,STREET,False,76,41.975133615,-87.84246271
2004,3,2004-03-02 08:30:00,THEFT,$500 AND UNDER,PARKING LOT/GARAGE(NON.RESID.),False,76,41.979252223,-87.83979778
2004,3,2004-03-01 16:30:00,INTERFERENCE WITH PUBLIC OFFICER,OBSTRUCTING JUSTICE,RESIDENCE,True,76,41.975978414000004,-87.83662354
2004,3,2004-03-02 12:10:00,BATTERY,DOMESTIC BATTERY SIMPLE,RESIDENCE,True,76,41.971775586,-87.846537272
2004,3,2004-03-04 15:00:00,THEFT,FROM BUILDING,AIRPORT/AIRCRAFT,False,76,41.976290414,-87.905227221
2004,3,2004-03-04 22:00:00,OTHER OFFENSE,TELEPHONE THREAT,ATHLETIC CLUB,False,76,41.97855782,-87.836588785
2004,3,2004-03-04 12:45:00,CRIMINAL DAMAGE,TO VEHICLE,FOREST PRESERVE,False,76,41.952122924,-87.837885933
2004,3,2004-03-04 12:05:00,OTHER OFFENSE,TELEPHONE THREAT,RESIDENCE,False,76,41.980196242,-87.83788904299999
2004,3,2004-03-05 16:15:00,BATTERY,DOMESTIC BATTERY SIMPLE,RESIDENCE,False,76,41.975120544,-87.84325716299999
2004,3,2004-03-05 10:00:00,BATTERY,SIMPLE,"SCHOOL, PUBLIC, GROUNDS",False,76,41.973797081,-87.841156435
2004,3,2004-03-05 15:45:00,THEFT,$500 AND UNDER,PARKING LOT/GARAGE(NON.RESID.),False,76,41.97855782,-87.836588785
2004,3,2004-03-02 22:30:00,THEFT,$500 AND UNDER,PARKING LOT/GARAGE(NON.RESID.),False,76,41.976290414,-87.905227221
2004,3,2004-03-04 17:22:00,ASSAULT,SIMPLE,AIRPORT/AIRCRAFT,True,76,41.976290414,-87.905227221
2004,3,2004-03-04 05:40:00,WEAPONS VIOLATION,UNLAWFUL USE OTHER DANG WEAPON,AIRPORT/AIRCRAFT,True,76,41.976290414,-87.905227221
2004,3,2004-03-03 08:50:00,CRIMINAL TRESPASS,TO LAND,AIRPORT/AIRCRAFT,True,76,41.976290414,-87.905227221
2004,3,2004-03-07 03:25:00,CRIMINAL DAMAGE,TO VEHICLE,STREET,False,76,41.975215811,-87.837324525
2004,3,2004-03-06 16:30:00,BURGLARY,UNLAWFUL ENTRY,APARTMENT,False,76,41.979252445,-87.839849267
2004,3,2004-03-01 20:30:00,OTHER OFFENSE,HARASSMENT BY TELEPHONE,AIRPORT/AIRCRAFT,False,76,41.976290414,-87.905227221
2004,3,2004-03-01 12:55:00,BATTERY,DOMESTIC BATTERY SIMPLE,AIRPORT/AIRCRAFT,False,76,41.976290414,-87.905227221
2004,3,2004-03-05 00:15:00,CRIMINAL TRESPASS,TO AIRPORT,AIRPORT/AIRCRAFT,True,76,41.976290414,-87.905227221
2004,3,2004-03-04 12:00:00,THEFT,OVER $500,AIRPORT/AIRCRAFT,False,76,41.976290414,-87.905227221
2004,3,2004-03-05 12:20:00,CRIMINAL TRESPASS,TO LAND,AIRPORT/AIRCRAFT,True,76,41.976290414,-87.905227221
2004,3,2004-03-04 22:00:00,THEFT,FROM BUILDING,AIRPORT/AIRCRAFT,False,76,41.976290414,-87.905227221
2004,3,2004-03-05 06:45:00,CRIMINAL DAMAGE,TO VEHICLE,AIRPORT/AIRCRAFT,False,76,41.976290414,-87.905227221
2004,3,2004-03-06 08:25:00,CRIMINAL TRESPASS,TO LAND,AIRPORT/AIRCRAFT,True,76,41.976290414,-87.905227221
2004,3,2004-03-08 12:00:00,THEFT,OVER $500,STREET,False,76,41.98734814,-87.84311925200001
2004,3,2004-03-08 14:15:00,THEFT,$500 AND UNDER,FOREST PRESERVE,False,76,41.952371769,-87.84215213
2004,3,2004-03-07 17:25:00,THEFT,RETAIL THEFT,AIRPORT/AIRCRAFT,True,76,41.976290414,-87.905227221
2004,3,2004-03-07 00:10:00,CRIMINAL TRESPASS,TO AIRPORT,AIRPORT/AIRCRAFT,True,76,41.976290414,-87.905227221
2004,3,2004-03-07 08:00:00,CRIMINAL TRESPASS,TO LAND,AIRPORT/AIRCRAFT,True,76,41.976290414,-87.905227221
2004,3,2004-03-07 16:30:00,DECEPTIVE PRACTICE,CREDIT CARD FRAUD,AIRPORT/AIRCRAFT,True,76,41.976290414,-87.905227221
2004,3,2004-03-08 12:00:00,CRIMINAL TRESPASS,TO STATE SUP LAND,"SCHOOL, PUBLIC, GROUNDS",False,76,41.973797081,-87.841156435
2004,3,2004-03-08 21:00:00,THEFT,$500 AND UNDER,PARKING LOT/GARAGE(NON.RESID.),True,76,41.976526469,-87.84153996
2004,3,2004-03-09 06:00:00,OTHER OFFENSE,TELEPHONE THREAT,RESIDENCE,False,76,41.975978414000004,-87.83662354
2004,3,2004-03-08 08:01:00,CRIMINAL TRESPASS,TO LAND,AIRPORT/AIRCRAFT,False,76,41.976290414,-87.905227221
2004,3,2004-03-08 08:20:00,CRIMINAL TRESPASS,TO LAND,AIRPORT/AIRCRAFT,False,76,41.976290414,-87.905227221
2004,3,2004-03-08 22:30:00,CRIMINAL TRESPASS,TO LAND,AIRPORT/AIRCRAFT,True,76,41.976290414,-87.905227221
2004,3,2004-03-09 15:20:00,CRIMINAL DAMAGE,TO CITY OF CHICAGO PROPERTY,AIRPORT/AIRCRAFT,False,76,41.976290414,-87.905227221
2004,3,2004-03-08 12:00:00,THEFT,$500 AND UNDER,AIRPORT/AIRCRAFT,False,76,41.976290414,-87.905227221
2004,3,2004-03-10 15:30:00,ASSAULT,SIMPLE,SIDEWALK,False,76,41.973797081,-87.841156435
2004,3,2004-03-10 17:15:00,DECEPTIVE PRACTICE,FINAN EXPLOIT-ELDERLY/DISABLED,RESIDENCE,False,76,41.976309683000004,-87.84154162799999
2004,3,2004-03-11 12:00:00,CRIMINAL DAMAGE,TO VEHICLE,PARKING LOT/GARAGE(NON.RESID.),False,76,41.976290414,-87.905227221
2004,3,2004-03-12 02:30:00,THEFT,$500 AND UNDER,AIRPORT/AIRCRAFT,False,76,41.976290414,-87.905227221
2004,3,2004-03-08 07:00:00,CRIMINAL DAMAGE,TO CITY OF CHICAGO PROPERTY,AIRPORT/AIRCRAFT,False,76,41.976290414,-87.905227221
2004,3,2004-03-08 23:00:00,ASSAULT,AGGRAVATED: HANDGUN,AIRPORT/AIRCRAFT,True,76,41.976290414,-87.905227221
2004,3,2004-03-09 19:45:00,THEFT,$500 AND UNDER,AIRPORT/AIRCRAFT,False,76,41.976290414,-87.905227221
2004,3,2004-03-09 09:00:00,THEFT,POCKET-PICKING,CTA TRAIN,False,76,41.976290414,-87.905227221
2004,3,2004-03-11 20:10:00,OTHER OFFENSE,HARASSMENT BY TELEPHONE,RESIDENCE,False,76,41.975088913,-87.844849787
2004,3,2004-03-11 22:30:00,THEFT,$500 AND UNDER,STREET,False,76,41.971410618,-87.846540051
2004,3,2004-03-07 18:30:00,THEFT,$500 AND UNDER,PARKING LOT/GARAGE(NON.RESID.),False,76,41.976290414,-87.905227221
2004,3,2004-03-12 17:10:00,BATTERY,SIMPLE,AIRPORT/AIRCRAFT,False,76,41.976290414,-87.905227221
2004,3,2004-03-12 17:15:00,WEAPONS VIOLATION,UNLAWFUL USE OTHER DANG WEAPON,AIRPORT/AIRCRAFT,True,76,41.976290414,-87.905227221
2004,3,2004-03-11 18:00:00,CRIMINAL DAMAGE,TO VEHICLE,RESIDENCE,False,76,41.975979588,-87.845214419
2004,3,2004-03-13 02:45:00,BATTERY,SIMPLE,CTA TRAIN,False,76,41.984622486,-87.836582104
2004,3,2004-03-12 08:40:00,CRIMINAL TRESPASS,TO LAND,AIRPORT/AIRCRAFT,True,76,41.976290414,-87.905227221
2004,3,2004-03-12 13:00:00,CRIMINAL TRESPASS,TO LAND,AIRPORT/AIRCRAFT,True,76,41.976290414,-87.905227221
2004,3,2004-03-13 16:18:00,CRIMINAL DAMAGE,TO VEHICLE,STREET,False,76,41.974355574,-87.84277024100001
2004,3,2004-03-13 20:00:00,DECEPTIVE PRACTICE,STOLEN PROP: BUY/RECEIVE/POS.,STREET,False,76,41.980045146,-87.836580903
2004,3,2004-03-13 20:15:00,THEFT,OVER $500,AIRPORT/AIRCRAFT,False,76,41.976290414,-87.905227221
2004,3,2004-03-13 15:00:00,BURGLARY,FORCIBLE ENTRY,RESIDENCE,False,76,41.975120544,-87.84325716299999
2004,3,2004-03-14 11:38:00,MOTOR VEHICLE THEFT,THEFT/RECOVERY: AUTOMOBILE,PARKING LOT/GARAGE(NON.RESID.),True,76,41.976290414,-87.905227221
2004,3,2004-03-12 22:15:00,ASSAULT,SIMPLE,AIRPORT/AIRCRAFT,False,76,41.976290414,-87.905227221
2004,3,2004-03-13 10:47:00,MOTOR VEHICLE THEFT,AUTOMOBILE,AIRPORT/AIRCRAFT,True,76,41.976290414,-87.905227221
2004,3,2004-03-14 18:55:00,PUBLIC PEACE VIOLATION,BOMB THREAT,AIRPORT/AIRCRAFT,True,76,41.976290414,-87.905227221
2004,3,2004-03-13 12:00:00,THEFT,FROM BUILDING,AIRPORT/AIRCRAFT,False,76,41.976290414,-87.905227221
2004,3,2004-03-15 09:40:00,CRIMINAL DAMAGE,TO VEHICLE,PARKING LOT/GARAGE(NON.RESID.),False,76,41.984622486,-87.836582104
2004,3,2004-03-15 21:25:00,MOTOR VEHICLE THEFT,AUTOMOBILE,STREET,False,76,41.974066835,-87.84649776
2004,3,2004-03-15 16:00:00,THEFT,FROM BUILDING,ATHLETIC CLUB,False,76,41.981015746,-87.842123304
2004,3,2004-03-17 05:15:00,OTHER OFFENSE,TELEPHONE THREAT,RESIDENCE,False,76,41.959859727,-87.83808337299999
2004,3,2004-03-15 21:30:00,OTHER OFFENSE,HARASSMENT BY TELEPHONE,RESIDENCE,False,76,41.977436061,-87.839914779
2004,3,2004-03-14 10:30:00,THEFT,$500 AND UNDER,AIRPORT/AIRCRAFT,False,76,41.976290414,-87.905227221
2004,3,2004-03-16 09:15:00,ASSAULT,SIMPLE,AIRPORT/AIRCRAFT,False,76,41.976290414,-87.905227221
2004,3,2004-03-16 14:00:00,CRIMINAL DAMAGE,TO VEHICLE,STREET,False,76,41.97330026,-87.862724842
2004,3,2004-03-17 11:30:00,OTHER OFFENSE,TELEPHONE THREAT,RESIDENCE,True,76,41.959859727,-87.83808337299999
2004,3,2004-03-17 19:30:00,OTHER OFFENSE,TELEPHONE THREAT,RESIDENCE,False,76,41.974292151,-87.84398430600001
2004,3,2004-03-17 08:30:00,THEFT,OVER $500,STREET,False,76,41.984622486,-87.836582104
2004,3,2004-03-16 08:00:00,CRIMINAL TRESPASS,TO LAND,AIRPORT/AIRCRAFT,True,76,41.976290414,-87.905227221
2004,3,2004-03-15 21:20:00,MOTOR VEHICLE THEFT,AUTOMOBILE,AIRPORT/AIRCRAFT,False,76,41.976290414,-87.905227221
2004,3,2004-03-11 07:40:00,OTHER OFFENSE,MONEY LAUNDERING,RESIDENCE,False,76,41.977848233,-87.84646896
2004,3,2004-03-07 18:00:00,THEFT,FROM BUILDING,AIRPORT/AIRCRAFT,False,76,41.976290414,-87.905227221
2004,3,2004-03-17 20:00:00,THEFT,OVER $500,PARKING LOT/GARAGE(NON.RESID.),False,76,41.973771478,-87.842226779
2004,3,2004-03-17 21:50:00,MOTOR VEHICLE THEFT,AUTOMOBILE,AIRPORT/AIRCRAFT,True,76,41.976290414,-87.905227221
2004,3,2004-03-15 04:15:00,THEFT,FROM BUILDING,AIRPORT/AIRCRAFT,False,76,41.976290414,-87.905227221
2004,3,2004-03-16 17:45:00,CRIMINAL TRESPASS,TO AIRPORT,AIRPORT/AIRCRAFT,True,76,41.976290414,-87.905227221
2004,3,2004-03-17 16:00:00,THEFT,OVER $500,AIRPORT/AIRCRAFT,False,76,41.976290414,-87.905227221
2004,3,2004-03-12 19:00:00,OTHER OFFENSE,OTHER CRIME INVOLVING PROPERTY,RESIDENCE,False,76,41.963738966,-87.83846882200001
2004,3,2004-03-18 11:00:00,THEFT,FROM BUILDING,GOVERNMENT BUILDING/PROPERTY,False,76,41.987404624,-87.84349400200001
2004,3,2004-03-21 13:35:00,THEFT,$500 AND UNDER,FOREST PRESERVE,False,76,41.952226712,-87.839682811
2004,3,2004-03-23 01:30:00,OTHER OFFENSE,TELEPHONE THREAT,OTHER,False,76,41.976290414,-87.905227221
2004,3,2004-03-12 09:00:00,CRIMINAL DAMAGE,TO PROPERTY,AIRPORT/AIRCRAFT,False,76,41.976290414,-87.905227221
2004,3,2004-03-20 06:35:00,CRIMINAL TRESPASS,TO AIRPORT,AIRPORT/AIRCRAFT,True,76,41.976290414,-87.905227221
2004,3,2004-03-20 08:15:00,CRIMINAL TRESPASS,TO LAND,AIRPORT/AIRCRAFT,True,76,41.976290414,-87.905227221
2004,3,2004-03-19 21:00:00,THEFT,$500 AND UNDER,AIRPORT/AIRCRAFT,False,76,41.976290414,-87.905227221
2004,3,2004-03-21 08:34:00,CRIMINAL TRESPASS,TO LAND,AIRPORT/AIRCRAFT,True,76,41.976290414,-87.905227221
2004,3,2004-03-22 11:00:00,CRIMINAL DAMAGE,TO PROPERTY,AIRPORT/AIRCRAFT,False,76,41.976290414,-87.905227221
2004,3,2004-03-23 00:10:00,BATTERY,DOMESTIC BATTERY SIMPLE,STREET,False,76,41.975211212,-87.837530504
2004,3,2004-03-23 01:00:00,CRIMINAL DAMAGE,TO VEHICLE,PARKING LOT/GARAGE(NON.RESID.),False,76,41.976327975,-87.846476862
2004,3,2004-03-22 16:00:00,MOTOR VEHICLE THEFT,AUTOMOBILE,AIRPORT/AIRCRAFT,False,76,41.976290414,-87.905227221
2004,3,2004-03-21 00:05:00,BATTERY,SIMPLE,AIRPORT/AIRCRAFT,False,76,41.976290414,-87.905227221
2004,3,2004-03-23 17:10:00,BATTERY,SIMPLE,STREET,True,76,41.973797081,-87.841156435
2004,3,2004-03-23 18:55:00,CRIMINAL DAMAGE,TO VEHICLE,STREET,False,76,41.974237268,-87.843984726
2004,3,2004-03-23 19:33:43,THEFT,OVER $500,CTA GARAGE / OTHER PROPERTY,False,76,41.984622486,-87.836582104
2004,3,2004-03-20 00:01:00,CRIMINAL DAMAGE,TO PROPERTY,RESIDENCE,False,76,41.973810875,-87.839894953
2004,3,2004-03-23 08:11:00,CRIMINAL TRESPASS,TO LAND,AIRPORT/AIRCRAFT,True,76,41.976290414,-87.905227221
2004,3,2004-03-19 09:50:00,PUBLIC PEACE VIOLATION,BOMB THREAT,AIRPORT/AIRCRAFT,False,76,41.976290414,-87.905227221
2004,3,2004-03-23 23:15:00,INTERFERENCE WITH PUBLIC OFFICER,CONCEALING/AIDING A FUGITIVE,APARTMENT,True,76,41.979202608,-87.842306417
2004,3,2004-03-25 07:00:00,CRIMINAL DAMAGE,TO PROPERTY,RESIDENCE,False,76,41.973810875,-87.839894953
2004,3,2004-03-23 18:55:00,THEFT,$500 AND UNDER,AIRPORT/AIRCRAFT,False,76,41.976290414,-87.905227221
2004,3,2004-03-16 09:00:00,THEFT,OVER $500,AIRPORT/AIRCRAFT,False,76,41.976290414,-87.905227221
2004,3,2004-03-20 16:30:00,BURGLARY,FORCIBLE ENTRY,APARTMENT,False,76,41.977848233,-87.84646896
2004,3,2004-03-24 13:30:00,THEFT,OVER $500,OTHER,False,76,41.984622486,-87.836582104
2004,3,2004-03-25 00:01:00,BURGLARY,UNLAWFUL ENTRY,RESTAURANT,False,76,41.962298818,-87.83669303200001
2004,3,2004-03-25 06:00:00,BATTERY,DOMESTIC BATTERY SIMPLE,RESIDENCE,True,76,41.980151398000004,-87.840221145
2004,3,2004-03-25 12:30:00,THEFT,FROM BUILDING,RESTAURANT,False,76,41.981104464,-87.837863613
2004,3,2004-03-19 14:23:00,CRIMINAL TRESPASS,TO LAND,CTA PLATFORM,True,76,41.976290414,-87.905227221
2004,3,2004-03-23 15:00:00,THEFT,OVER $500,OTHER,False,76,41.976290414,-87.905227221
2004,3,2004-03-26 19:00:00,CRIMINAL DAMAGE,CRIMINAL DEFACEMENT,RESIDENCE,False,76,41.975088913,-87.844849787
2004,3,2004-03-26 18:50:00,THEFT,$500 AND UNDER,AIRPORT/AIRCRAFT,False,76,41.976290414,-87.905227221
2004,3,2004-03-26 19:00:00,THEFT,$500 AND UNDER,AIRPORT/AIRCRAFT,False,76,41.976290414,-87.905227221
2004,3,2004-03-26 12:30:00,CRIMINAL DAMAGE,TO PROPERTY,RESIDENCE,False,76,41.973810875,-87.839894953
2004,3,2004-03-26 17:00:00,BURGLARY,FORCIBLE ENTRY,RESIDENCE,False,76,41.978346459,-87.839756963
2004,3,2004-03-27 00:00:00,CRIMINAL DAMAGE,TO VEHICLE,STREET,False,76,41.976327975,-87.846476862
2004,3,2004-03-26 18:00:00,CRIMINAL DAMAGE,TO VEHICLE,STREET,False,76,41.984622486,-87.836582104
2004,3,2004-03-26 21:00:00,MOTOR VEHICLE THEFT,THEFT/RECOVERY: AUTOMOBILE,AIRPORT/AIRCRAFT,False,76,41.976290414,-87.905227221
2004,3,2004-03-26 22:00:00,MOTOR VEHICLE THEFT,AUTOMOBILE,AIRPORT/AIRCRAFT,False,76,41.976290414,-87.905227221
2004,3,2004-03-26 21:30:00,CRIMINAL DAMAGE,TO VEHICLE,AIRPORT/AIRCRAFT,False,76,41.976290414,-87.905227221
2004,3,2004-03-28 09:30:00,MOTOR VEHICLE THEFT,AUTOMOBILE,STREET,False,76,41.977436061,-87.839914779
2004,3,2004-03-28 15:20:00,THEFT,OVER $500,AIRPORT/AIRCRAFT,False,76,41.976290414,-87.905227221
2004,3,2004-03-26 13:38:00,THEFT,$500 AND UNDER,AIRPORT/AIRCRAFT,False,76,41.976290414,-87.905227221
2004,3,2004-03-28 19:40:00,THEFT,OVER $500,AIRPORT/AIRCRAFT,False,76,41.976290414,-87.905227221
2004,3,2004-03-29 12:46:28,OTHER OFFENSE,HARASSMENT BY TELEPHONE,COMMERCIAL / BUSINESS OFFICE,False,76,41.952473915,-87.910562802
2004,3,2004-03-28 18:00:00,THEFT,FROM BUILDING,AIRPORT/AIRCRAFT,False,76,41.976290414,-87.905227221
2004,3,2004-03-29 18:00:00,CRIMINAL TRESPASS,TO AIRPORT,AIRPORT/AIRCRAFT,True,76,41.976290414,-87.905227221
2004,3,2004-03-28 08:53:00,CRIMINAL TRESPASS,TO LAND,AIRPORT/AIRCRAFT,True,76,41.976290414,-87.905227221
2004,3,2004-03-28 09:00:00,CRIMINAL TRESPASS,TO LAND,AIRPORT/AIRCRAFT,True,76,41.976290414,-87.905227221
2004,3,2004-03-28 07:58:00,CRIMINAL TRESPASS,TO LAND,AIRPORT/AIRCRAFT,True,76,41.976290414,-87.905227221
2004,3,2004-03-27 09:00:00,CRIMINAL TRESPASS,TO LAND,AIRPORT/AIRCRAFT,True,76,41.976290414,-87.905227221
2004,3,2004-03-27 08:10:00,CRIMINAL TRESPASS,TO LAND,AIRPORT/AIRCRAFT,True,76,41.976290414,-87.905227221
2004,3,2004-03-30 15:00:00,THEFT,FROM BUILDING,RESIDENCE PORCH/HALLWAY,False,76,41.978341951,-87.839985018
2004,3,2004-03-30 12:30:00,THEFT,FROM BUILDING,APARTMENT,False,76,41.981045443,-87.84008919799999
2004,3,2004-03-30 21:00:00,THEFT,$500 AND UNDER,PARKING LOT/GARAGE(NON.RESID.),False,76,41.973756056999996,-87.84311316899999
2004,3,2004-03-30 03:50:00,BATTERY,DOMESTIC BATTERY SIMPLE,RESIDENCE,False,76,41.976853895,-87.842383302
2004,3,2004-03-29 23:05:00,BATTERY,SIMPLE,AIRPORT/AIRCRAFT,False,76,41.976290414,-87.905227221
2004,3,2004-03-30 09:23:06,MOTOR VEHICLE THEFT,THEFT/RECOVERY: AUTOMOBILE,STREET,False,76,41.974338479000004,-87.84519753
2004,3,2004-03-29 08:15:00,CRIMINAL TRESPASS,TO LAND,AIRPORT/AIRCRAFT,True,76,41.976290414,-87.905227221
2004,3,2004-03-23 04:30:00,THEFT,$500 AND UNDER,AIRPORT/AIRCRAFT,False,76,41.976290414,-87.905227221
2004,3,2004-03-05 07:00:00,NARCOTICS,POSS: CANNABIS 30GMS OR LESS,AIRPORT/AIRCRAFT,True,76,41.976290414,-87.905227221
2004,3,2004-03-26 19:45:00,THEFT,$500 AND UNDER,CTA TRAIN,False,76,41.976290414,-87.905227221
2004,3,2004-03-31 00:40:00,CRIMINAL TRESPASS,TO AIRPORT,AIRPORT/AIRCRAFT,True,76,41.976290414,-87.905227221
2004,3,2004-03-31 18:20:00,CRIMINAL DAMAGE,TO VEHICLE,STREET,False,76,41.977608387,-87.836603519
2004,3,2004-03-31 18:30:00,CRIMINAL DAMAGE,TO VEHICLE,STREET,False,76,41.975215811,-87.837324525
2004,3,2004-03-31 14:15:00,BATTERY,SIMPLE,AIRPORT/AIRCRAFT,True,76,41.976290414,-87.905227221
2004,3,2004-03-26 21:00:00,MOTOR VEHICLE THEFT,AUTOMOBILE,AIRPORT/AIRCRAFT,True,76,41.976290414,-87.905227221
2004,3,2004-03-30 08:36:00,CRIMINAL TRESPASS,TO LAND,AIRPORT/AIRCRAFT,True,76,41.976290414,-87.905227221
2004,3,2004-03-31 08:25:00,CRIMINAL TRESPASS,TO LAND,AIRPORT/AIRCRAFT,True,76,41.976290414,-87.905227221
2004,3,2004-03-08 15:00:00,DECEPTIVE PRACTICE,"THEFT BY LESSEE,MOTOR VEH",AIRPORT/AIRCRAFT,True,76,41.976290414,-87.905227221
2004,3,2004-03-31 15:00:00,THEFT,$500 AND UNDER,AIRPORT/AIRCRAFT,False,76,41.976290414,-87.905227221
2004,3,2004-03-29 06:15:00,CRIMINAL DAMAGE,TO PROPERTY,RESIDENCE PORCH/HALLWAY,False,76,41.963738966,-87.83846882200001
2004,3,2004-03-27 13:00:00,THEFT,FROM BUILDING,RESIDENCE,False,76,41.964342488,-87.839695926
2004,3,2004-03-03 09:00:00,DECEPTIVE PRACTICE,"THEFT BY LESSEE,MOTOR VEH",AIRPORT/AIRCRAFT,False,76,41.976290414,-87.905227221
2004,3,2004-03-23 17:00:00,DECEPTIVE PRACTICE,"THEFT BY LESSEE,MOTOR VEH",AIRPORT/AIRCRAFT,False,76,41.976290414,-87.905227221
2004,3,2004-03-16 15:00:00,DECEPTIVE PRACTICE,"THEFT BY LESSEE,MOTOR VEH",AIRPORT/AIRCRAFT,False,76,41.976290414,-87.905227221
2004,3,2004-03-15 10:00:00,OTHER OFFENSE,HARASSMENT BY TELEPHONE,RESIDENCE,False,76,41.979882918,-87.839049988
2004,3,2004-03-02 19:15:00,PROSTITUTION,CALL OPERATION,RESIDENCE,True,76,41.978672369,-87.84152345
2004,3,2004-03-07 19:30:00,NARCOTICS,FORFEIT PROPERTY,AIRPORT/AIRCRAFT,True,76,41.976290414,-87.905227221
2004,3,2004-03-15 01:00:00,DECEPTIVE PRACTICE,"THEFT BY LESSEE,MOTOR VEH",AIRPORT/AIRCRAFT,False,76,41.976290414,-87.905227221
2004,3,2004-03-16 07:30:00,NARCOTICS,FOUND SUSPECT NARCOTICS,AIRPORT/AIRCRAFT,True,76,41.976290414,-87.905227221
2004,3,2004-03-27 16:15:00,LIQUOR LAW VIOLATION,ILLEGAL POSSESSION BY MINOR,FOREST PRESERVE,True,76,41.952368805,-87.84210068600001
2004,3,2004-03-24 12:00:00,DECEPTIVE PRACTICE,"THEFT BY LESSEE,MOTOR VEH",AIRPORT/AIRCRAFT,True,76,41.976290414,-87.905227221
2004,3,2004-03-24 21:37:00,NARCOTICS,POSS: CRACK,AIRPORT/AIRCRAFT,True,76,41.976290414,-87.905227221
2004,3,2004-03-26 11:00:00,NARCOTICS,FORFEIT PROPERTY,AIRPORT/AIRCRAFT,True,76,41.976290414,-87.905227221
2004,3,2004-03-09 13:24:00,DECEPTIVE PRACTICE,"THEFT BY LESSEE,MOTOR VEH",AIRPORT/AIRCRAFT,True,76,41.976290414,-87.905227221
2004,3,2004-03-17 18:50:00,DECEPTIVE PRACTICE,"THEFT BY LESSEE,MOTOR VEH",AIRPORT/AIRCRAFT,False,76,41.976290414,-87.905227221
2004,3,2004-03-18 21:50:00,DECEPTIVE PRACTICE,"THEFT BY LESSEE,MOTOR VEH",AIRPORT/AIRCRAFT,True,76,41.976290414,-87.905227221
2004,3,2004-03-25 10:29:00,DECEPTIVE PRACTICE,"THEFT BY LESSEE,MOTOR VEH",AIRPORT/AIRCRAFT,False,76,41.976290414,-87.905227221
2004,3,2004-03-01 12:00:00,DECEPTIVE PRACTICE,FINAN EXPLOIT-ELDERLY/DISABLED,AIRPORT/AIRCRAFT,False,76,41.981052047,-87.839710324
2004,3,2004-03-11 20:02:35,NARCOTICS,POSS: CANNABIS 30GMS OR LESS,STREET,True,76,41.977135679,-87.841538951
2004,4,2004-04-15 00:01:00,THEFT,OVER $500,AIRPORT/AIRCRAFT,False,76,,
2004,4,2004-04-01 00:20:00,CRIMINAL TRESPASS,TO AIRPORT,AIRPORT/AIRCRAFT,True,76,41.976290414,-87.905227221
2004,4,2004-04-01 05:50:00,BATTERY,DOMESTIC BATTERY SIMPLE,PARKING LOT/GARAGE(NON.RESID.),False,76,41.976290414,-87.905227221
2004,4,2004-04-01 07:00:00,THEFT,$500 AND UNDER,PARKING LOT/GARAGE(NON.RESID.),False,76,41.976840050999996,-87.83661316700001
2004,4,2004-04-01 16:00:00,THEFT,FROM BUILDING,AIRPORT/AIRCRAFT,False,76,41.976290414,-87.905227221
2004,4,2004-04-02 14:17:00,DECEPTIVE PRACTICE,CREDIT CARD FRAUD,AIRPORT/AIRCRAFT,False,76,41.976290414,-87.905227221
2004,4,2004-04-02 14:15:00,ASSAULT,SIMPLE,AIRPORT/AIRCRAFT,True,76,41.976290414,-87.905227221
2004,4,2004-04-02 21:00:00,BATTERY,SIMPLE,STREET,False,76,41.952090183,-87.83729431299999
2004,4,2004-04-03 11:25:00,THEFT,FROM BUILDING,AIRPORT/AIRCRAFT,False,76,41.976290414,-87.905227221
2004,4,2004-04-03 05:45:00,PUBLIC PEACE VIOLATION,BOMB THREAT,HOTEL/MOTEL,False,76,41.976290414,-87.905227221
2004,4,2004-04-03 21:30:00,CRIMINAL TRESPASS,TO VEHICLE,STREET,False,76,41.974061322,-87.845199646
2004,4,2004-04-03 17:15:00,THEFT,OVER $500,PARKING LOT/GARAGE(NON.RESID.),False,76,41.977465593000005,-87.83785136600001
2004,4,2004-04-03 16:30:00,CRIMINAL DAMAGE,TO VEHICLE,PARKING LOT/GARAGE(NON.RESID.),False,76,41.977464942,-87.837700585
2004,4,2004-04-04 10:10:00,CRIMINAL DAMAGE,TO PROPERTY,RESIDENCE,False,76,41.979247605,-87.84000009399999
2004,4,2004-04-05 01:00:00,BATTERY,DOMESTIC BATTERY SIMPLE,RESIDENCE,False,76,41.977968974,-87.84646804100001
2004,4,2004-04-04 16:45:00,THEFT,RETAIL THEFT,AIRPORT/AIRCRAFT,True,76,41.976290414,-87.905227221
2004,4,2004-04-04 16:56:00,THEFT,RETAIL THEFT,AIRPORT/AIRCRAFT,True,76,41.976290414,-87.905227221
2004,4,2004-04-05 09:10:00,CRIMINAL TRESPASS,TO LAND,AIRPORT/AIRCRAFT,True,76,41.976290414,-87.905227221
2004,4,2004-04-05 08:09:00,CRIMINAL TRESPASS,TO LAND,AIRPORT/AIRCRAFT,True,76,41.976290414,-87.905227221
2004,4,2004-04-05 07:30:00,THEFT,OVER $500,CTA GARAGE / OTHER PROPERTY,False,76,41.984622486,-87.836582104
2004,4,2004-04-05 06:45:00,THEFT,$500 AND UNDER,PARKING LOT/GARAGE(NON.RESID.),False,76,41.984622486,-87.836582104
2004,4,2004-04-04 10:45:00,THEFT,OVER $500,AIRPORT/AIRCRAFT,False,76,41.976290414,-87.905227221
2004,4,2004-04-06 19:00:00,THEFT,OVER $500,AIRPORT/AIRCRAFT,False,76,41.976290414,-87.905227221
2004,4,2004-04-07 16:15:00,THEFT,FROM BUILDING,AIRPORT/AIRCRAFT,False,76,41.976290414,-87.905227221
2004,4,2004-04-06 15:45:00,BURGLARY,FORCIBLE ENTRY,RESIDENCE,False,76,41.962172314,-87.84173124700001
2004,4,2004-04-06 12:00:00,CRIMINAL DAMAGE,TO PROPERTY,OTHER,False,76,41.979243301,-87.840275962
2004,4,2004-04-02 17:00:00,THEFT,OVER $500,AIRPORT/AIRCRAFT,False,76,41.97330026,-87.862724842
2004,4,2004-04-07 00:15:00,WEAPONS VIOLATION,UNLAWFUL USE OTHER DANG WEAPON,AIRPORT/AIRCRAFT,True,76,41.976290414,-87.905227221
2004,4,2004-04-07 04:50:00,CRIMINAL TRESPASS,TO LAND,HOTEL/MOTEL,True,76,41.976290414,-87.905227221
2004,4,2004-04-07 14:00:00,ASSAULT,SIMPLE,"SCHOOL, PUBLIC, BUILDING",False,76,41.973797081,-87.841156435
2004,4,2004-04-08 12:30:00,OTHER OFFENSE,TELEPHONE THREAT,RESIDENCE,False,76,41.977730236,-87.846469859
2004,4,2004-04-07 23:00:00,THEFT,OVER $500,STREET,False,76,41.978348886999996,-87.83968339
2004,4,2004-04-01 22:30:00,THEFT,$500 AND UNDER,AIRPORT/AIRCRAFT,False,76,41.976290414,-87.905227221
2004,4,2004-04-07 12:00:00,THEFT,$500 AND UNDER,AIRPORT/AIRCRAFT,False,76,41.976290414,-87.905227221
2004,4,2004-04-08 16:00:00,DECEPTIVE PRACTICE,THEFT OF LOST/MISLAID PROP,AIRPORT/AIRCRAFT,True,76,41.976290414,-87.905227221
2004,4,2004-04-07 22:30:00,THEFT,OVER $500,PARKING LOT/GARAGE(NON.RESID.),False,76,41.974383016,-87.84277003
2004,4,2004-04-08 09:30:00,THEFT,OVER $500,PARKING LOT/GARAGE(NON.RESID.),False,76,41.986930009,-87.84031964399999
2004,4,2004-04-08 11:30:00,BURGLARY,FORCIBLE ENTRY,RESIDENCE,False,76,41.977086285,-87.841539331
2004,4,2004-04-08 21:30:00,THEFT,$500 AND UNDER,OTHER,False,76,41.977609479,-87.846467101
2004,4,2004-04-09 15:00:00,THEFT,FROM BUILDING,AIRPORT/AIRCRAFT,False,76,41.976290414,-87.905227221
2004,4,2004-04-03 19:00:00,CRIMINAL DAMAGE,CRIMINAL DEFACEMENT,COMMERCIAL / BUSINESS OFFICE,False,76,41.980958608,-87.845455914
2004,4,2004-04-08 08:45:00,OTHER OFFENSE,OTHER VEHICLE OFFENSE,"SCHOOL, PUBLIC, GROUNDS",False,76,41.973797081,-87.841156435
2004,4,2004-04-05 10:00:00,OTHER OFFENSE,TELEPHONE THREAT,RESIDENCE,False,76,41.980153495,-87.84007033700001
2004,4,2004-04-06 17:15:00,BATTERY,SIMPLE,AIRPORT/AIRCRAFT,False,76,41.976290414,-87.905227221
2004,4,2004-04-07 08:47:00,CRIMINAL TRESPASS,TO LAND,AIRPORT/AIRCRAFT,True,76,41.976290414,-87.905227221
2004,4,2004-04-08 08:41:00,CRIMINAL TRESPASS,TO LAND,AIRPORT/AIRCRAFT,True,76,41.976290414,-87.905227221
2004,4,2004-04-02 21:30:00,THEFT,RETAIL THEFT,SMALL RETAIL STORE,True,76,41.976290414,-87.905227221
2004,4,2004-04-04 18:39:00,THEFT,RETAIL THEFT,SMALL RETAIL STORE,True,76,41.976290414,-87.905227221
2004,4,2004-04-09 18:00:00,BATTERY,SIMPLE,AIRPORT/AIRCRAFT,False,76,41.976290414,-87.905227221
2004,4,2004-04-07 17:00:00,BATTERY,SIMPLE,STREET,False,76,41.952659167,-87.84713494
2004,4,2004-04-11 21:00:00,OTHER OFFENSE,TELEPHONE THREAT,RESIDENCE,False,76,41.976026366,-87.842669156
2004,4,2004-04-11 22:30:00,THEFT,OVER $500,STREET,False,76,41.977436377,-87.83998833
2004,4,2004-04-11 17:00:00,MOTOR VEHICLE THEFT,ATT: AUTOMOBILE,PARKING LOT/GARAGE(NON.RESID.),False,76,41.973771478,-87.842226779
2004,4,2004-04-04 09:30:00,THEFT,OVER $500,AIRPORT/AIRCRAFT,False,76,41.976290414,-87.905227221
2004,4,2004-04-10 06:05:00,CRIMINAL TRESPASS,TO LAND,HOTEL/MOTEL,True,76,41.976290414,-87.905227221
2004,4,2004-04-06 10:00:00,DECEPTIVE PRACTICE,ILLEGAL USE CASH CARD,AIRPORT/AIRCRAFT,False,76,41.976290414,-87.905227221
2004,4,2004-04-12 11:00:00,CRIMINAL TRESPASS,TO AIRPORT,AIRPORT/AIRCRAFT,False,76,41.976290414,-87.905227221
2004,4,2004-04-10 14:00:00,THEFT,FROM BUILDING,OTHER,False,76,41.973754051,-87.843286026
2004,4,2004-04-12 15:00:00,CRIMINAL DAMAGE,TO PROPERTY,AIRPORT/AIRCRAFT,False,76,41.976290414,-87.905227221
2004,4,2004-04-10 08:00:00,THEFT,OVER $500,AIRPORT/AIRCRAFT,False,76,41.976290414,-87.905227221
2004,4,2004-04-12 22:30:00,BATTERY,DOMESTIC BATTERY SIMPLE,RESIDENCE,False,76,41.975862946,-87.83911785
2004,4,2004-04-13 14:30:00,ASSAULT,SIMPLE,OTHER,False,76,41.980974046,-87.844569423
2004,4,2004-04-13 08:40:00,CRIMINAL TRESPASS,TO LAND,AIRPORT/AIRCRAFT,True,76,41.976290414,-87.905227221
2004,4,2004-04-13 09:13:00,CRIMINAL TRESPASS,TO LAND,AIRPORT/AIRCRAFT,True,76,41.976290414,-87.905227221
2004,4,2004-04-12 12:01:00,THEFT,OVER $500,AIRPORT/AIRCRAFT,False,76,41.976290414,-87.905227221
2004,4,2004-04-13 17:15:00,SEX OFFENSE,PUBLIC INDECENCY,AIRPORT/AIRCRAFT,False,76,41.976290414,-87.905227221
2004,4,2004-04-03 21:00:00,THEFT,$500 AND UNDER,AIRPORT/AIRCRAFT,False,76,41.976290414,-87.905227221
2004,4,2004-04-14 00:00:00,THEFT,$500 AND UNDER,AIRPORT/AIRCRAFT,False,76,41.976290414,-87.905227221
2004,4,2004-04-14 23:30:00,BATTERY,DOMESTIC BATTERY SIMPLE,RESIDENCE,False,76,41.975120403000005,-87.843224066
2004,4,2004-04-15 07:50:00,BATTERY,DOMESTIC BATTERY SIMPLE,APARTMENT,False,76,41.975862946,-87.83911785
2004,4,2004-04-14 18:20:00,CRIMINAL DAMAGE,TO VEHICLE,PARKING LOT/GARAGE(NON.RESID.),False,76,41.975135557,-87.84227514
2004,4,2004-04-15 08:30:00,THEFT,$500 AND UNDER,PARKING LOT/GARAGE(NON.RESID.),False,76,41.976290414,-87.905227221
2004,4,2004-04-14 23:00:00,DECEPTIVE PRACTICE,THEFT OF LABOR/SERVICES,AIRPORT/AIRCRAFT,False,76,41.976290414,-87.905227221
2004,4,2004-04-15 21:05:00,CRIMINAL TRESPASS,TO AIRPORT,AIRPORT/AIRCRAFT,True,76,41.976290414,-87.905227221
2004,4,2004-04-14 08:55:00,CRIMINAL TRESPASS,TO LAND,AIRPORT/AIRCRAFT,True,76,41.976290414,-87.905227221
2004,4,2004-04-14 09:55:00,THEFT,OVER $500,AIRPORT/AIRCRAFT,False,76,41.976290414,-87.905227221
2004,4,2004-04-14 16:00:00,THEFT,$500 AND UNDER,AIRPORT/AIRCRAFT,False,76,41.976290414,-87.905227221
2004,4,2004-04-14 18:00:00,CRIMINAL DAMAGE,TO VEHICLE,PARKING LOT/GARAGE(NON.RESID.),False,76,41.976290414,-87.905227221
2004,4,2004-04-15 13:42:00,CRIMINAL TRESPASS,TO LAND,AIRPORT/AIRCRAFT,True,76,41.976290414,-87.905227221
2004,4,2004-04-13 16:30:00,THEFT,OVER $500,COMMERCIAL / BUSINESS OFFICE,False,76,41.976290414,-87.905227221
2004,4,2004-04-17 13:10:00,ASSAULT,SIMPLE,APARTMENT,False,76,41.975135557,-87.84227514
2004,4,2004-04-18 13:30:00,THEFT,OVER $500,FOREST PRESERVE,False,76,41.952087328000005,-87.83726860200001
2004,4,2004-04-18 22:15:00,DECEPTIVE PRACTICE,CREDIT CARD FRAUD,CTA TRAIN,False,76,41.976290414,-87.905227221
2004,4,2004-04-16 08:45:00,CRIMINAL TRESPASS,TO LAND,AIRPORT/AIRCRAFT,True,76,41.976290414,-87.905227221
2004,4,2004-04-17 15:30:00,THEFT,FROM BUILDING,AIRPORT/AIRCRAFT,False,76,41.976290414,-87.905227221
2004,4,2004-04-18 13:55:00,ASSAULT,SIMPLE,AIRPORT/AIRCRAFT,True,76,41.976290414,-87.905227221
2004,4,2004-04-18 07:15:00,CRIMINAL DAMAGE,TO PROPERTY,COMMERCIAL / BUSINESS OFFICE,False,76,41.976790656999995,-87.836613551
2004,4,2004-04-18 06:00:00,BATTERY,SIMPLE,STREET,True,76,41.979443481,-87.841521194
2004,4,2004-04-15 11:00:00,OTHER OFFENSE,HARASSMENT BY TELEPHONE,AIRPORT/AIRCRAFT,False,76,41.976290414,-87.905227221
2004,4,2004-04-17 08:24:00,MOTOR VEHICLE THEFT,AUTOMOBILE,AIRPORT/AIRCRAFT,True,76,41.976290414,-87.905227221
2004,4,2004-04-18 12:25:00,CRIMINAL TRESPASS,TO LAND,AIRPORT/AIRCRAFT,True,76,41.976290414,-87.905227221
2004,4,2004-04-19 18:00:00,THEFT,OVER $500,STREET,False,76,41.952368805,-87.84210068600001
2004,4,2004-04-19 07:30:00,BATTERY,DOMESTIC BATTERY SIMPLE,STREET,False,76,41.984622486,-87.836582104
2004,4,2004-04-19 14:30:00,THEFT,$500 AND UNDER,RESIDENCE,False,76,41.976840050999996,-87.83661316700001
2004,4,2004-04-16 15:15:00,THEFT,$500 AND UNDER,AIRPORT/AIRCRAFT,False,76,41.976290414,-87.905227221
2004,4,2004-04-19 16:00:00,THEFT,OVER $500,PARKING LOT/GARAGE(NON.RESID.),False,76,41.976290414,-87.905227221
2004,4,2004-04-21 17:30:00,CRIMINAL DAMAGE,TO PROPERTY,COMMERCIAL / BUSINESS OFFICE,False,76,41.979207341,-87.84212984700001
2004,4,2004-04-21 10:10:00,CRIM SEXUAL ASSAULT,ATTEMPT NON-AGGRAVATED,OTHER,True,76,41.977848233,-87.84646896
2004,4,2004-04-22 15:00:00,CRIMINAL DAMAGE,TO PROPERTY,RESIDENTIAL YARD (FRONT/BACK),False,76,41.973810875,-87.839894953
2004,4,2004-04-22 19:30:00,THEFT,OVER $500,STREET,False,76,41.977113726,-87.84153912
2004,4,2004-04-22 11:40:00,THEFT,$500 AND UNDER,PARKING LOT/GARAGE(NON.RESID.),False,76,41.987367883000005,-87.843244162
2004,4,2004-04-22 09:00:00,BATTERY,DOMESTIC BATTERY SIMPLE,RESIDENCE,True,76,41.974184808000004,-87.845198703
2004,4,2004-04-17 20:00:00,CRIMINAL DAMAGE,TO PROPERTY,RESIDENCE,False,76,41.976026366,-87.842669156
2004,4,2004-04-15 05:30:00,OTHER OFFENSE,TELEPHONE THREAT,RESIDENCE,False,76,41.97375413,-87.843304413
2004,4,2004-04-21 12:00:00,THEFT,FROM BUILDING,AIRPORT/AIRCRAFT,False,76,41.976290414,-87.905227221
2004,4,2004-04-23 21:00:00,OTHER OFFENSE,TELEPHONE THREAT,APARTMENT,False,76,41.977464942,-87.837700585
2004,4,2004-04-04 00:01:00,MOTOR VEHICLE THEFT,"CYCLE, SCOOTER, BIKE W-VIN",PARKING LOT/GARAGE(NON.RESID.),False,76,41.977730236,-87.846469859
2004,4,2004-04-23 15:00:00,ASSAULT,SIMPLE,STREET,False,76,41.937971407,-87.836084267
2004,4,2004-04-23 19:00:00,THEFT,OVER $500,RESIDENCE,False,76,41.977464942,-87.837700585
2004,4,2004-04-23 22:15:00,ASSAULT,SIMPLE,STREET,True,76,41.952526574000004,-87.836673318
2004,4,2004-04-23 23:43:25,WEAPONS VIOLATION,UNLAWFUL POSS OF HANDGUN,SIDEWALK,True,76,41.97833533,-87.840360199
2004,4,2004-04-24 23:35:00,CRIMINAL DAMAGE,TO VEHICLE,STREET,False,76,41.974486983,-87.843982814
2004,4,2004-04-14 19:30:00,ASSAULT,SIMPLE,RESIDENCE,False,76,41.975862946,-87.83911785
2004,4,2004-04-23 18:00:00,OTHER OFFENSE,TELEPHONE THREAT,COMMERCIAL / BUSINESS OFFICE,False,76,41.981109048,-87.83765393700001
2004,4,2004-04-24 13:15:00,OTHER OFFENSE,HARASSMENT BY TELEPHONE,RESIDENCE,False,76,41.977609479,-87.846467101
2004,4,2004-04-27 06:50:00,ASSAULT,SIMPLE,RESIDENCE PORCH/HALLWAY,False,76,41.973773625,-87.84208701799999
2004,4,2004-04-26 11:30:00,OTHER OFFENSE,HARASSMENT BY TELEPHONE,COMMERCIAL / BUSINESS OFFICE,False,76,41.98734814,-87.84311925200001
2004,4,2004-04-26 20:25:00,BATTERY,SIMPLE,STREET,False,76,41.937573194,-87.835381684
2004,4,2004-04-27 17:30:00,BATTERY,DOMESTIC BATTERY SIMPLE,RESIDENCE,False,76,41.97051453,-87.841045646
2004,4,2004-04-27 19:26:54,ASSAULT,AGGRAVATED: HANDGUN,RESIDENCE,False,76,41.97051453,-87.841045646
2004,4,2004-04-22 20:00:00,BATTERY,SIMPLE,AIRPORT/AIRCRAFT,True,76,41.976290414,-87.905227221
2004,4,2004-04-22 09:30:00,CRIMINAL TRESPASS,TO LAND,AIRPORT/AIRCRAFT,True,76,41.976290414,-87.905227221
2004,4,2004-04-25 07:29:00,CRIMINAL TRESPASS,TO LAND,AIRPORT/AIRCRAFT,False,76,41.976290414,-87.905227221
2004,4,2004-04-25 08:20:00,CRIMINAL TRESPASS,TO LAND,AIRPORT/AIRCRAFT,True,76,41.976290414,-87.905227221
2004,4,2004-04-21 14:00:00,CRIMINAL DAMAGE,TO CITY OF CHICAGO PROPERTY,AIRPORT/AIRCRAFT,False,76,41.976290414,-87.905227221
2004,4,2004-04-25 12:25:00,THEFT,$500 AND UNDER,AIRPORT/AIRCRAFT,False,76,41.976290414,-87.905227221
2004,4,2004-04-26 01:00:00,CRIMINAL TRESPASS,TO AIRPORT,AIRPORT/AIRCRAFT,True,76,41.976290414,-87.905227221
2004,4,2004-04-24 08:43:00,THEFT,OVER $500,AIRPORT/AIRCRAFT,False,76,41.976290414,-87.905227221
2004,4,2004-04-23 09:00:00,CRIMINAL DAMAGE,TO CITY OF CHICAGO PROPERTY,OTHER,False,76,41.976290414,-87.905227221
2004,4,2004-04-25 04:00:00,THEFT,FROM BUILDING,AIRPORT/AIRCRAFT,False,76,41.976290414,-87.905227221
2004,4,2004-04-28 20:35:00,THEFT,POCKET-PICKING,AIRPORT/AIRCRAFT,False,76,41.976290414,-87.905227221
2004,4,2004-04-26 21:00:00,CRIMINAL DAMAGE,TO VEHICLE,STREET,False,76,41.976028905999996,-87.84262132799999
2004,4,2004-04-04 16:07:49,NARCOTICS,POSS: CANNABIS 30GMS OR LESS,SIDEWALK,True,76,41.973756056999996,-87.84311316899999
2004,4,2004-04-28 19:30:00,THEFT,$500 AND UNDER,STREET,False,76,41.975979588,-87.845214419
2004,4,2004-04-28 17:45:00,BATTERY,SIMPLE,AIRPORT/AIRCRAFT,False,76,41.976290414,-87.905227221
2004,4,2004-04-26 07:50:00,CRIMINAL TRESPASS,TO LAND,AIRPORT/AIRCRAFT,False,76,41.976290414,-87.905227221
2004,4,2004-04-28 19:00:00,THEFT,$500 AND UNDER,PARKING LOT/GARAGE(NON.RESID.),False,76,41.986989467,-87.840745861
2004,4,2004-04-27 08:30:00,CRIMINAL TRESPASS,TO LAND,AIRPORT/AIRCRAFT,False,76,41.976290414,-87.905227221
2004,4,2004-04-24 19:40:00,CRIMINAL TRESPASS,TO LAND,CTA PLATFORM,True,76,41.976290414,-87.905227221
2004,4,2004-04-24 03:15:00,THEFT,$500 AND UNDER,ATM (AUTOMATIC TELLER MACHINE),False,76,41.976290414,-87.905227221
2004,4,2004-04-23 05:45:00,THEFT,FROM BUILDING,AIRPORT/AIRCRAFT,False,76,41.976290414,-87.905227221
2004,4,2004-04-21 13:30:00,THEFT,$500 AND UNDER,PARKING LOT/GARAGE(NON.RESID.),False,76,41.961787259,-87.843454944
2004,4,2004-04-30 21:30:00,CRIMINAL DAMAGE,TO VEHICLE,PARKING LOT/GARAGE(NON.RESID.),False,76,41.977281854,-87.83660973399999
2004,4,2004-04-20 10:30:00,NARCOTICS,POSS: CANNABIS 30GMS OR LESS,AIRPORT/AIRCRAFT,True,76,41.976290414,-87.905227221
2004,4,2004-04-30 07:30:00,ASSAULT,SIMPLE,APARTMENT,False,76,41.971374944000004,-87.846540323
2004,4,2004-04-30 13:00:00,THEFT,$500 AND UNDER,STREET,False,76,41.981040824000004,-87.84029151799999
2004,4,2004-04-24 07:30:00,THEFT,FROM BUILDING,AIRPORT/AIRCRAFT,False,76,41.976290414,-87.905227221
2004,4,2004-04-28 14:40:00,MOTOR VEHICLE THEFT,AUTOMOBILE,AIRPORT/AIRCRAFT,True,76,41.976290414,-87.905227221
2004,4,2004-04-26 19:30:00,MOTOR VEHICLE THEFT,THEFT/RECOVERY: AUTOMOBILE,COMMERCIAL / BUSINESS OFFICE,True,76,41.976290414,-87.905227221
2004,4,2004-04-27 09:30:00,CRIMINAL DAMAGE,TO PROPERTY,AIRPORT/AIRCRAFT,False,76,41.976290414,-87.905227221
2004,4,2004-04-30 15:30:00,ASSAULT,SIMPLE,AIRPORT/AIRCRAFT,False,76,41.976290414,-87.905227221
2004,4,2004-04-27 08:00:00,CRIMINAL DAMAGE,TO PROPERTY,AIRPORT/AIRCRAFT,False,76,41.976290414,-87.905227221
2004,4,2004-04-30 20:00:00,CRIMINAL DAMAGE,TO VEHICLE,STREET,False,76,41.977441012,-87.839789699
2004,4,2004-04-27 16:40:00,BATTERY,SIMPLE,CTA PLATFORM,False,76,41.976290414,-87.905227221
2004,4,2004-04-27 19:00:00,THEFT,OVER $500,AIRPORT/AIRCRAFT,False,76,41.976290414,-87.905227221
2004,4,2004-04-26 17:00:00,BATTERY,SIMPLE,AIRPORT/AIRCRAFT,False,76,41.976290414,-87.905227221
2004,4,2004-04-10 14:00:00,SEX OFFENSE,AGG CRIMINAL SEXUAL ABUSE,RESIDENCE,False,76,41.974264709,-87.843984516
2004,4,2004-04-19 14:00:00,SEX OFFENSE,AGG CRIMINAL SEXUAL ABUSE,RESIDENCE,False,76,41.974264709,-87.843984516
2004,4,2004-04-12 19:00:00,PROSTITUTION,CALL OPERATION,RESIDENCE,True,76,41.975978414000004,-87.83662354
2004,4,2004-04-10 00:01:00,DECEPTIVE PRACTICE,"THEFT BY LESSEE,MOTOR VEH",AIRPORT/AIRCRAFT,False,76,41.976290414,-87.905227221
2004,4,2004-04-06 09:00:00,NARCOTICS,POSS: CANNABIS MORE THAN 30GMS,OTHER,True,76,41.976290414,-87.905227221
2004,4,2004-04-05 13:00:00,NARCOTICS,FORFEIT PROPERTY,AIRPORT/AIRCRAFT,True,76,41.976290414,-87.905227221
2004,4,2004-04-01 16:00:00,MOTOR VEHICLE THEFT,"CYCLE, SCOOTER, BIKE W-VIN",RESIDENCE-GARAGE,False,76,41.977609479,-87.846467101
2004,4,2004-04-25 15:45:00,NARCOTICS,POSS: CANNABIS 30GMS OR LESS,AIRPORT/AIRCRAFT,True,76,41.976290414,-87.905227221
2004,4,2004-04-01 13:00:00,THEFT,FINANCIAL ID THEFT: OVER $300,SMALL RETAIL STORE,False,76,41.965767468,-87.836684479
2004,4,2004-04-21 16:17:00,DECEPTIVE PRACTICE,"THEFT BY LESSEE,MOTOR VEH",OTHER,True,76,41.976290414,-87.905227221
2004,4,2004-04-23 21:00:00,OTHER OFFENSE,HARASSMENT BY TELEPHONE,RESIDENCE,False,76,41.975211212,-87.837530504
2004,4,2004-04-24 12:00:00,MOTOR VEHICLE THEFT,AUTOMOBILE,PARKING LOT/GARAGE(NON.RESID.),True,76,41.976290414,-87.905227221
2004,5,2004-05-01 07:15:00,ASSAULT,SIMPLE,OTHER,False,76,41.981104464,-87.837863613
2004,5,2004-05-01 10:00:00,THEFT,$500 AND UNDER,PARKING LOT/GARAGE(NON.RESID.),False,76,41.976290414,-87.905227221
2004,5,2004-05-01 03:40:00,CRIMINAL DAMAGE,TO PROPERTY,TAVERN/LIQUOR STORE,False,76,41.976713822,-87.836614148
2004,5,2004-05-01 06:00:00,ASSAULT,SIMPLE,COMMERCIAL / BUSINESS OFFICE,False,76,41.981104464,-87.837863613
2004,5,2004-05-01 00:30:00,CRIMINAL TRESPASS,TO AIRPORT,AIRPORT/AIRCRAFT,True,76,41.976290414,-87.905227221
2004,5,2004-05-02 00:50:00,WEAPONS VIOLATION,UNLAWFUL POSS OF HANDGUN,STREET,True,76,41.976193528,-87.846481564
2004,5,2004-05-02 18:00:00,OFFENSE INVOLVING CHILDREN,OTHER OFFENSE,RESIDENCE,False,76,41.975978414000004,-87.83662354
2004,5,2004-05-04 09:00:00,THEFT,$500 AND UNDER,STREET,False,76,41.97852489,-87.83658904100001
2004,5,2004-05-01 18:20:00,BATTERY,AGG PO HANDS ETC SERIOUS INJ,AIRPORT/AIRCRAFT,True,76,41.976290414,-87.905227221
2004,5,2004-05-02 18:30:00,MOTOR VEHICLE THEFT,"CYCLE, SCOOTER, BIKE W-VIN",PARKING LOT/GARAGE(NON.RESID.),False,76,41.95210814,-87.83763974
2004,5,2004-05-03 19:50:00,OTHER OFFENSE,HARASSMENT BY TELEPHONE,RESIDENCE,False,76,41.974292151,-87.84398430600001
2004,5,2004-05-05 11:00:00,THEFT,OVER $500,STREET,False,76,41.981106764,-87.83776061399999
2004,5,2004-05-02 10:55:00,THEFT,$500 AND UNDER,AIRPORT/AIRCRAFT,False,76,41.976290414,-87.905227221
2004,5,2004-05-02 12:35:00,CRIMINAL TRESPASS,TO LAND,AIRPORT/AIRCRAFT,False,76,41.976290414,-87.905227221
2004,5,2004-05-02 14:45:00,OTHER OFFENSE,TELEPHONE THREAT,AIRPORT/AIRCRAFT,False,76,41.976290414,-87.905227221
2004,5,2004-05-03 00:20:00,CRIMINAL TRESPASS,TO AIRPORT,AIRPORT/AIRCRAFT,True,76,41.976290414,-87.905227221
2004,5,2004-05-03 08:30:00,CRIMINAL TRESPASS,TO LAND,AIRPORT/AIRCRAFT,False,76,41.976290414,-87.905227221
2004,5,2004-05-03 20:32:00,BATTERY,SIMPLE,AIRPORT/AIRCRAFT,True,76,41.976290414,-87.905227221
2004,5,2004-05-05 10:00:00,DECEPTIVE PRACTICE,"THEFT BY LESSEE,MOTOR VEH",AIRPORT/AIRCRAFT,False,76,41.976290414,-87.905227221
2004,5,2004-05-05 17:30:00,CRIMINAL DAMAGE,TO VEHICLE,STREET,False,76,41.966592072,-87.83699430200001
2004,5,2004-05-01 12:09:00,OTHER OFFENSE,VIOLATE ORDER OF PROTECTION,RESIDENCE,False,76,41.97051453,-87.841045646
2004,5,2004-05-03 19:00:00,THEFT,OVER $500,AIRPORT/AIRCRAFT,False,76,41.976290414,-87.905227221
2004,5,2004-05-06 10:30:00,THEFT,RETAIL THEFT,AIRPORT/AIRCRAFT,False,76,41.976290414,-87.905227221
2004,5,2004-05-07 21:07:00,THEFT,OVER $500,PARKING LOT/GARAGE(NON.RESID.),True,76,41.976290414,-87.905227221
2004,5,2004-05-08 19:15:00,BATTERY,DOMESTIC BATTERY SIMPLE,RESIDENCE,False,76,41.975135557,-87.84227514
2004,5,2004-05-07 18:00:00,CRIMINAL DAMAGE,TO VEHICLE,STREET,False,76,41.974314413,-87.84277055700001
2004,5,2004-05-09 18:20:00,BATTERY,DOMESTIC BATTERY SIMPLE,APARTMENT,True,76,41.973813272,-87.83981403
2004,5,2004-05-09 16:20:00,BATTERY,DOMESTIC BATTERY SIMPLE,RESIDENCE,False,76,41.971374944000004,-87.846540323
2004,5,2004-05-09 11:56:00,ASSAULT,AGGRAVATED: OTHER DANG WEAPON,AIRPORT/AIRCRAFT,True,76,41.976290414,-87.905227221
2004,5,2004-05-08 09:30:00,CRIMINAL TRESPASS,TO LAND,AIRPORT/AIRCRAFT,True,76,41.976290414,-87.905227221
2004,5,2004-05-09 08:50:00,CRIMINAL TRESPASS,TO LAND,AIRPORT/AIRCRAFT,True,76,41.976290414,-87.905227221
2004,5,2004-05-07 17:30:00,THEFT,FROM BUILDING,AIRPORT/AIRCRAFT,False,76,41.976290414,-87.905227221
2004,5,2004-05-09 12:30:00,THEFT,POCKET-PICKING,AIRPORT/AIRCRAFT,False,76,41.976290414,-87.905227221
2004,5,2004-05-10 21:40:00,BATTERY,DOMESTIC BATTERY SIMPLE,STREET,False,76,41.979824914,-87.841518259
2004,5,2004-05-10 18:00:00,CRIMINAL DAMAGE,TO PROPERTY,AIRPORT/AIRCRAFT,False,76,41.976290414,-87.905227221
2004,5,2004-05-11 08:14:00,CRIMINAL TRESPASS,TO LAND,AIRPORT/AIRCRAFT,True,76,41.976290414,-87.905227221
2004,5,2004-05-11 09:10:00,CRIMINAL TRESPASS,TO LAND,AIRPORT/AIRCRAFT,True,76,41.976290414,-87.905227221
2004,5,2004-05-12 12:00:00,THEFT,OVER $500,STREET,False,76,41.981040824000004,-87.84029151799999
2004,5,2004-05-12 11:00:00,BATTERY,SIMPLE,"SCHOOL, PUBLIC, BUILDING",False,76,41.973797081,-87.841156435
2004,5,2004-05-12 11:00:00,CRIMINAL DAMAGE,TO PROPERTY,"SCHOOL, PUBLIC, BUILDING",False,76,41.973797081,-87.841156435
2004,5,2004-05-13 17:00:00,THEFT,$500 AND UNDER,STREET,False,76,41.977431646999996,-87.840164896
2004,5,2004-05-10 21:00:00,THEFT,$500 AND UNDER,AIRPORT/AIRCRAFT,False,76,41.976290414,-87.905227221
2004,5,2004-05-05 12:00:00,CRIMINAL DAMAGE,TO VEHICLE,AIRPORT/AIRCRAFT,False,76,41.976290414,-87.905227221
2004,5,2004-05-11 08:10:00,CRIMINAL TRESPASS,TO LAND,AIRPORT/AIRCRAFT,False,76,41.976290414,-87.905227221
2004,5,2004-05-12 08:08:00,CRIMINAL TRESPASS,TO LAND,AIRPORT/AIRCRAFT,False,76,41.976290414,-87.905227221
2004,5,2004-05-12 06:20:00,THEFT,$500 AND UNDER,AIRPORT/AIRCRAFT,False,76,41.976290414,-87.905227221
2004,5,2004-05-12 21:15:00,THEFT,OVER $500,AIRPORT/AIRCRAFT,False,76,41.976290414,-87.905227221
2004,5,2004-05-12 22:15:00,BATTERY,SIMPLE,AIRPORT/AIRCRAFT,False,76,41.976290414,-87.905227221
2004,5,2004-05-13 13:45:00,DECEPTIVE PRACTICE,THEFT OF LABOR/SERVICES,AIRPORT/AIRCRAFT,True,76,41.976290414,-87.905227221
2004,5,2004-05-14 20:30:00,CRIMINAL TRESPASS,TO VEHICLE,AIRPORT/AIRCRAFT,True,76,41.976290414,-87.905227221
2004,5,2004-05-09 23:00:00,THEFT,FROM BUILDING,AIRPORT/AIRCRAFT,False,76,41.976290414,-87.905227221
2004,5,2004-05-16 20:45:00,PUBLIC PEACE VIOLATION,RECKLESS CONDUCT,AIRPORT/AIRCRAFT,False,76,41.976290414,-87.905227221
2004,5,2004-05-15 07:30:00,CRIMINAL TRESPASS,TO LAND,AIRPORT/AIRCRAFT,True,76,41.976290414,-87.905227221
2004,5,2004-05-15 00:50:00,CRIMINAL TRESPASS,TO AIRPORT,AIRPORT/AIRCRAFT,True,76,41.976290414,-87.905227221
2004,5,2004-05-14 15:20:00,THEFT,RETAIL THEFT,HOTEL/MOTEL,False,76,41.976290414,-87.905227221
2004,5,2004-05-01 07:00:00,THEFT,FROM BUILDING,OTHER,False,76,41.976290414,-87.905227221
2004,5,2004-05-14 15:00:00,THEFT,FROM BUILDING,AIRPORT/AIRCRAFT,False,76,41.976290414,-87.905227221
2004,5,2004-05-17 11:45:00,THEFT,OVER $500,PARKING LOT/GARAGE(NON.RESID.),False,76,41.981109048,-87.83765393700001
2004,5,2004-05-17 14:00:00,OTHER OFFENSE,HARASSMENT BY TELEPHONE,COMMERCIAL / BUSINESS OFFICE,False,76,41.981106764,-87.83776061399999
2004,5,2004-05-17 22:01:14,ASSAULT,AGGRAVATED: OTHER DANG WEAPON,APARTMENT,True,76,41.974292151,-87.84398430600001
2004,5,2004-05-15 14:00:00,THEFT,OVER $500,AIRPORT/AIRCRAFT,False,76,41.976290414,-87.905227221
2004,5,2004-05-15 20:00:00,THEFT,OVER $500,AIRPORT/AIRCRAFT,False,76,41.976290414,-87.905227221
2004,5,2004-05-15 20:00:00,THEFT,$500 AND UNDER,AIRPORT/AIRCRAFT,False,76,41.976290414,-87.905227221
2004,5,2004-05-17 18:00:00,THEFT,FROM BUILDING,AIRPORT/AIRCRAFT,False,76,41.976290414,-87.905227221
2004,5,2004-05-18 09:00:00,CRIMINAL DAMAGE,TO VEHICLE,STREET,False,76,41.979200289,-87.842405735
2004,5,2004-05-18 21:00:00,CRIMINAL TRESPASS,TO AIRPORT,AIRPORT/AIRCRAFT,True,76,41.976290414,-87.905227221
2004,5,2004-05-06 14:05:00,NARCOTICS,POSS: CANNABIS 30GMS OR LESS,STREET,True,76,41.974039393000005,-87.846497969
2004,5,2004-05-07 15:15:00,NARCOTICS,POSS: CANNABIS 30GMS OR LESS,SIDEWALK,True,76,41.980435875,-87.846434538
2004,5,2004-05-18 03:40:00,CRIMINAL TRESPASS,TO AIRPORT,AIRPORT/AIRCRAFT,True,76,41.976290414,-87.905227221
2004,5,2004-05-19 17:00:00,BATTERY,DOMESTIC BATTERY SIMPLE,RESIDENCE,False,76,41.97509547,-87.84445623799999
2004,5,2004-05-16 12:00:00,BATTERY,SIMPLE,RESIDENCE,False,76,41.976035345,-87.842202031
2004,5,2004-05-20 00:30:00,ASSAULT,SIMPLE,AIRPORT/AIRCRAFT,False,76,41.976290414,-87.905227221
2004,5,2004-05-14 05:00:00,OTHER OFFENSE,HARASSMENT BY TELEPHONE,RESIDENCE,False,76,41.963738966,-87.83846882200001
2004,5,2004-05-20 19:30:00,THEFT,FROM BUILDING,OTHER,False,76,41.97855782,-87.836588785
2004,5,2004-05-20 10:27:00,THEFT,$500 AND UNDER,AIRPORT/AIRCRAFT,False,76,41.976290414,-87.905227221
2004,5,2004-05-20 17:00:00,DECEPTIVE PRACTICE,CREDIT CARD FRAUD,AIRPORT/AIRCRAFT,True,76,41.976290414,-87.905227221
2004,5,2004-05-21 07:55:00,THEFT,FROM BUILDING,APARTMENT,False,76,41.979245508000005,-87.84015090000001
2004,5,2004-05-19 04:30:00,ROBBERY,ATTEMPT: ARMED-OTHER DANG WEAP,STREET,False,76,41.977045123,-87.841539648
2004,5,2004-05-21 09:00:00,THEFT,OVER $500,PARKING LOT/GARAGE(NON.RESID.),False,76,41.986989467,-87.840745861
2004,5,2004-05-19 19:00:00,CRIMINAL DAMAGE,TO VEHICLE,STREET,False,76,41.976290414,-87.905227221
2004,5,2004-05-17 05:15:00,THEFT,OVER $500,AIRPORT/AIRCRAFT,False,76,41.976290414,-87.905227221
2004,5,2004-05-21 19:35:00,OTHER OFFENSE,TELEPHONE THREAT,AIRPORT/AIRCRAFT,False,76,41.976290414,-87.905227221
2004,5,2004-05-20 22:30:00,MOTOR VEHICLE THEFT,AUTOMOBILE,STREET,False,76,41.977075308,-87.841539415
2004,5,2004-05-21 13:32:35,ASSAULT,SIMPLE,"SCHOOL, PUBLIC, BUILDING",False,76,41.973797081,-87.841156435
2004,5,2004-05-19 15:30:00,THEFT,OVER $500,AIRPORT/AIRCRAFT,False,76,41.976290414,-87.905227221
2004,5,2004-05-19 15:30:00,THEFT,OVER $500,AIRPORT/AIRCRAFT,False,76,41.976290414,-87.905227221
2004,5,2004-05-19 15:30:00,THEFT,OVER $500,AIRPORT/AIRCRAFT,False,76,41.976290414,-87.905227221
2004,5,2004-05-21 19:25:00,BATTERY,DOMESTIC BATTERY SIMPLE,APARTMENT,True,76,41.974129925,-87.84519912200001
2004,5,2004-05-22 22:40:00,BATTERY,DOMESTIC BATTERY SIMPLE,STREET,False,76,41.977464942,-87.837700585
2004,5,2004-05-23 11:00:00,ASSAULT,SIMPLE,OTHER,False,76,41.980971834,-87.84469448899999
2004,5,2004-05-23 21:30:00,BATTERY,SIMPLE,PARKING LOT/GARAGE(NON.RESID.),True,76,41.966592072,-87.83699430200001
2004,5,2004-05-21 11:45:00,THEFT,OVER $500,PARKING LOT/GARAGE(NON.RESID.),False,76,41.976290414,-87.905227221
2004,5,2004-05-24 19:54:00,ROBBERY,STRONGARM - NO WEAPON,STREET,False,76,41.977463433000004,-87.837351217
2004,5,2004-05-24 18:00:00,THEFT,OVER $500,OTHER,False,76,41.976028481,-87.842522036
2004,5,2004-05-24 09:00:00,THEFT,OVER $500,AIRPORT/AIRCRAFT,False,76,41.976290414,-87.905227221
2004,5,2004-05-23 12:00:00,THEFT,$500 AND UNDER,STREET,False,76,41.979207341,-87.84212984700001
2004,5,2004-05-24 12:43:00,CRIMINAL TRESPASS,TO LAND,AIRPORT/AIRCRAFT,True,76,41.976290414,-87.905227221
2004,5,2004-05-24 15:00:00,CRIMINAL DAMAGE,TO CITY OF CHICAGO PROPERTY,"SCHOOL, PUBLIC, BUILDING",False,76,41.973797081,-87.841156435
2004,5,2004-05-01 00:01:00,OTHER OFFENSE,TELEPHONE THREAT,APARTMENT,False,76,41.962322047,-87.83825917700001
2004,5,2004-05-11 13:30:00,NARCOTICS,POSS: LOOK-ALIKE DRUGS,AIRPORT/AIRCRAFT,True,76,41.976290414,-87.905227221
2004,5,2004-05-24 22:15:00,THEFT,OVER $500,DRIVEWAY - RESIDENTIAL,False,76,41.959863866999996,-87.83777082299999
2004,5,2004-05-23 23:00:00,THEFT,RETAIL THEFT,OTHER,False,76,41.976181463,-87.836618285
2004,5,2004-05-26 20:20:00,BATTERY,DOMESTIC BATTERY SIMPLE,RESIDENCE,False,76,41.975120811,-87.84331968
2004,5,2004-05-26 21:00:00,THEFT,FROM BUILDING,AIRPORT/AIRCRAFT,False,76,41.976290414,-87.905227221
2004,5,2004-05-02 08:50:00,THEFT,$500 AND UNDER,AIRPORT/AIRCRAFT,False,76,41.976290414,-87.905227221
2004,5,2004-05-26 00:05:00,CRIMINAL TRESPASS,TO AIRPORT,AIRPORT/AIRCRAFT,True,76,41.976290414,-87.905227221
2004,5,2004-05-26 11:30:00,THEFT,OVER $500,AIRPORT/AIRCRAFT,False,76,41.976290414,-87.905227221
2004,5,2004-05-27 02:00:00,BATTERY,DOMESTIC BATTERY SIMPLE,RESIDENCE,False,76,41.976031021,-87.84247420700001
2004,5,2004-05-27 10:00:00,THEFT,OVER $500,PARKING LOT/GARAGE(NON.RESID.),False,76,41.980958608,-87.845455914
2004,5,2004-05-27 06:35:00,THEFT,$500 AND UNDER,PARKING LOT/GARAGE(NON.RESID.),False,76,41.984622486,-87.836582104
2004,5,2004-05-26 08:53:00,CRIMINAL TRESPASS,TO LAND,AIRPORT/AIRCRAFT,True,76,41.976290414,-87.905227221
2004,5,2004-05-27 06:35:00,THEFT,$500 AND UNDER,AIRPORT/AIRCRAFT,False,76,41.976290414,-87.905227221
2004,5,2004-05-27 07:50:00,CRIMINAL TRESPASS,TO LAND,AIRPORT/AIRCRAFT,False,76,41.976290414,-87.905227221
2004,5,2004-05-27 08:30:00,CRIMINAL TRESPASS,TO LAND,AIRPORT/AIRCRAFT,False,76,41.976290414,-87.905227221
2004,5,2004-05-26 15:00:00,CRIMINAL DAMAGE,TO VEHICLE,STREET,False,76,41.974292151,-87.84398430600001
2004,5,2004-05-24 13:34:54,ASSAULT,AGGRAVATED: OTHER DANG WEAPON,PARKING LOT/GARAGE(NON.RESID.),True,76,41.974207083,-87.843984957
2004,5,2004-05-27 19:30:00,THEFT,FROM BUILDING,AIRPORT/AIRCRAFT,False,76,41.976290414,-87.905227221
2004,5,2004-05-27 18:00:00,THEFT,FROM BUILDING,AIRPORT/AIRCRAFT,False,76,41.976290414,-87.905227221
2004,5,2004-05-27 18:19:00,MOTOR VEHICLE THEFT,"THEFT/RECOVERY: TRUCK,BUS,MHOME",AIRPORT/AIRCRAFT,True,76,41.976290414,-87.905227221
2004,5,2004-05-15 04:00:00,THEFT,$500 AND UNDER,AIRPORT/AIRCRAFT,False,76,41.976290414,-87.905227221
2004,5,2004-05-23 16:15:00,ASSAULT,SIMPLE,AIRPORT/AIRCRAFT,True,76,41.976290414,-87.905227221
2004,5,2004-05-27 18:45:00,BATTERY,SIMPLE,AIRPORT/AIRCRAFT,True,76,41.976290414,-87.905227221
2004,5,2004-05-27 20:03:00,THEFT,FROM BUILDING,AIRPORT/AIRCRAFT,True,76,41.976290414,-87.905227221
2004,5,2004-05-27 20:03:00,THEFT,FROM BUILDING,AIRPORT/AIRCRAFT,True,76,41.976290414,-87.905227221
2004,5,2004-05-28 21:00:00,CRIMINAL DAMAGE,TO VEHICLE,STREET,False,76,41.978341951,-87.839985018
2004,5,2004-05-28 15:00:00,THEFT,FROM BUILDING,AIRPORT/AIRCRAFT,False,76,41.976290414,-87.905227221
2004,5,2004-05-20 08:30:00,NARCOTICS,POSS: CANNABIS 30GMS OR LESS,AIRPORT/AIRCRAFT,True,76,41.976290414,-87.905227221
2004,5,2004-05-25 14:00:00,THEFT,$500 AND UNDER,STREET,False,76,41.981015746,-87.842123304
2004,5,2004-05-28 17:25:00,THEFT,OVER $500,AIRPORT/AIRCRAFT,False,76,41.976290414,-87.905227221
2004,5,2004-05-29 19:35:00,OTHER OFFENSE,TELEPHONE THREAT,AIRPORT/AIRCRAFT,False,76,41.976290414,-87.905227221
2004,5,2004-05-29 10:00:00,THEFT,RETAIL THEFT,GROCERY FOOD STORE,True,76,41.965720818,-87.83668484100001
2004,5,2004-05-29 20:20:20,BATTERY,DOMESTIC BATTERY SIMPLE,RESIDENCE,False,76,41.974890974000004,-87.84155254299999
2004,5,2004-05-29 18:15:00,BATTERY,SIMPLE,GROCERY FOOD STORE,True,76,41.965720818,-87.83668484100001
2004,5,2004-05-14 23:55:00,BATTERY,DOMESTIC BATTERY SIMPLE,APARTMENT,True,76,41.981052047,-87.839710324
2004,5,2004-05-23 08:00:00,THEFT,FROM BUILDING,AIRPORT/AIRCRAFT,False,76,41.976290414,-87.905227221
2004,5,2004-05-30 13:20:00,CRIMINAL DAMAGE,TO VEHICLE,STREET,True,76,41.975983872,-87.84493121
2004,5,2004-05-21 16:22:00,THEFT,$500 AND UNDER,AIRPORT/AIRCRAFT,False,76,41.976290414,-87.905227221
2004,5,2004-05-31 17:30:00,THEFT,OVER $500,OTHER,False,76,41.974102484,-87.845199332
2004,5,2004-05-31 22:00:00,BATTERY,SIMPLE,SIDEWALK,False,76,41.980151398000004,-87.840221145
2004,5,2004-05-28 17:00:00,CRIMINAL DAMAGE,TO VEHICLE,PARKING LOT/GARAGE(NON.RESID.),False,76,41.979202813,-87.842354227
2004,5,2004-05-31 11:30:00,THEFT,OVER $500,AIRPORT/AIRCRAFT,False,76,41.976290414,-87.905227221
2004,5,2004-05-31 12:10:00,THEFT,$500 AND UNDER,AIRPORT/AIRCRAFT,False,76,41.976290414,-87.905227221
2004,5,2004-05-20 16:00:00,THEFT,FROM BUILDING,AIRPORT/AIRCRAFT,False,76,41.976290414,-87.905227221
2004,5,2004-05-21 20:00:00,NARCOTICS,POSS: HEROIN(WHITE),STREET,True,76,41.974360754,-87.84398378
2004,5,2004-05-23 21:10:00,NARCOTICS,POSS: CANNABIS 30GMS OR LESS,SIDEWALK,True,76,41.938352864,-87.83482062700001
2004,5,2004-05-24 07:35:00,NARCOTICS,FOUND SUSPECT NARCOTICS,AIRPORT/AIRCRAFT,True,76,41.976290414,-87.905227221
2004,5,2004-05-18 00:01:00,DECEPTIVE PRACTICE,CREDIT CARD FRAUD,RESIDENCE,False,76,41.944778391,-87.835752016
2004,5,2004-05-30 18:45:00,THEFT,OVER $500,AIRPORT/AIRCRAFT,False,76,41.976290414,-87.905227221
2004,5,2004-05-29 07:30:00,THEFT,FROM BUILDING,AIRPORT/AIRCRAFT,False,76,41.976290414,-87.905227221
2004,5,2004-05-15 11:00:00,THEFT,$500 AND UNDER,AIRPORT/AIRCRAFT,False,76,41.976290414,-87.905227221
2004,5,2004-05-08 15:45:00,CRIMINAL TRESPASS,TO AIRPORT,AIRPORT/AIRCRAFT,True,76,41.976290414,-87.905227221
2004,5,2004-05-12 18:00:00,DECEPTIVE PRACTICE,"THEFT BY LESSEE,MOTOR VEH",AIRPORT/AIRCRAFT,False,76,41.976290414,-87.905227221
2004,5,2004-05-12 11:20:00,DECEPTIVE PRACTICE,"THEFT BY LESSEE,MOTOR VEH",AIRPORT/AIRCRAFT,False,76,41.976290414,-87.905227221
2004,5,2004-05-26 14:30:00,THEFT,FROM BUILDING,AIRPORT/AIRCRAFT,False,76,41.976290414,-87.905227221
2004,5,2004-05-11 21:45:00,PROSTITUTION,CALL OPERATION,HOTEL/MOTEL,True,76,41.986989467,-87.840745861
2004,5,2004-05-04 09:00:00,THEFT,FROM BUILDING,AIRPORT/AIRCRAFT,False,76,41.976290414,-87.905227221
2004,5,2004-05-28 09:00:00,MOTOR VEHICLE THEFT,AUTOMOBILE,AIRPORT/AIRCRAFT,False,76,41.976290414,-87.905227221
2004,5,2004-05-28 09:00:00,MOTOR VEHICLE THEFT,AUTOMOBILE,AIRPORT/AIRCRAFT,True,76,41.976290414,-87.905227221
2004,5,2004-05-11 09:00:00,DECEPTIVE PRACTICE,"THEFT BY LESSEE,MOTOR VEH",AIRPORT/AIRCRAFT,False,76,41.976290414,-87.905227221
2004,5,2004-05-03 09:00:00,DECEPTIVE PRACTICE,"THEFT BY LESSEE,MOTOR VEH",AIRPORT/AIRCRAFT,False,76,41.976290414,-87.905227221
2004,5,2004-05-05 03:15:00,DECEPTIVE PRACTICE,"THEFT BY LESSEE,MOTOR VEH",AIRPORT/AIRCRAFT,False,76,41.976290414,-87.905227221
2004,5,2004-05-24 12:00:00,THEFT,$500 AND UNDER,PARKING LOT/GARAGE(NON.RESID.),False,76,41.981592874,-87.836579907
2004,5,2004-05-29 12:30:00,CRIMINAL TRESPASS,TO VEHICLE,AIRPORT/AIRCRAFT,False,76,41.976290414,-87.905227221
2004,5,2004-05-29 14:15:00,MOTOR VEHICLE THEFT,AUTOMOBILE,AIRPORT/AIRCRAFT,False,76,41.976290414,-87.905227221
2004,5,2004-05-19 12:00:00,DECEPTIVE PRACTICE,"THEFT BY LESSEE,MOTOR VEH",AIRPORT/AIRCRAFT,False,76,41.976290414,-87.905227221
2004,5,2004-05-21 00:50:00,DECEPTIVE PRACTICE,"THEFT BY LESSEE,MOTOR VEH",AIRPORT/AIRCRAFT,False,76,41.976290414,-87.905227221
2004,5,2004-05-20 17:00:00,DECEPTIVE PRACTICE,"THEFT BY LESSEE,MOTOR VEH",AIRPORT/AIRCRAFT,False,76,41.976290414,-87.905227221
2004,5,2004-05-30 09:00:00,THEFT,FROM BUILDING,OTHER,False,76,41.980962923,-87.845180039
2004,5,2004-05-01 12:00:00,OTHER OFFENSE,HARASSMENT BY TELEPHONE,RESIDENCE,False,76,41.977848233,-87.84646896
2004,5,2004-05-15 04:30:00,OTHER OFFENSE,HARASSMENT BY TELEPHONE,AIRPORT/AIRCRAFT,False,76,41.976290414,-87.905227221
2004,5,2004-05-02 00:01:00,OTHER OFFENSE,OTHER VEHICLE OFFENSE,AIRPORT/AIRCRAFT,False,76,41.976290414,-87.905227221
2004,5,2004-05-15 17:00:00,DECEPTIVE PRACTICE,"THEFT BY LESSEE,MOTOR VEH",AIRPORT/AIRCRAFT,False,76,41.976290414,-87.905227221
2004,5,2004-05-07 12:00:00,DECEPTIVE PRACTICE,EMBEZZLEMENT,COMMERCIAL / BUSINESS OFFICE,False,76,41.981104464,-87.837863613
2004,5,2004-05-06 20:00:00,CRIMINAL DAMAGE,TO PROPERTY,RESIDENCE,False,76,41.964271421999996,-87.837850654
2004,6,2004-06-21 03:30:00,MOTOR VEHICLE THEFT,THEFT/RECOVERY: AUTOMOBILE,PARKING LOT/GARAGE(NON.RESID.),True,76,,
2004,6,2004-06-12 12:00:00,THEFT,OVER $500,PARKING LOT/GARAGE(NON.RESID.),False,76,,
2004,6,2004-06-01 00:40:00,OTHER OFFENSE,TELEPHONE THREAT,AIRPORT/AIRCRAFT,False,76,41.976290414,-87.905227221
2004,6,2004-06-01 07:00:00,CRIMINAL DAMAGE,TO VEHICLE,PARKING LOT/GARAGE(NON.RESID.),False,76,41.976290414,-87.905227221
2004,6,2004-06-01 19:15:00,BATTERY,SIMPLE,SIDEWALK,False,76,41.973821733,-87.839229245
2004,6,2004-06-01 21:20:00,ROBBERY,ATTEMPT: ARMED-OTHER DANG WEAP,CTA GARAGE / OTHER PROPERTY,False,76,41.984622486,-87.836582104
2004,6,2004-06-01 23:30:00,THEFT,OVER $500,STREET,False,76,41.978086970999996,-87.84646714200001
2004,6,2004-06-02 14:00:00,THEFT,FROM BUILDING,AIRPORT/AIRCRAFT,False,76,41.976290414,-87.905227221
2004,6,2004-06-03 09:30:00,THEFT,OVER $500,STREET,False,76,41.987404624,-87.84349400200001
2004,6,2004-06-02 17:00:00,OTHER OFFENSE,TELEPHONE THREAT,RESIDENCE,False,76,41.977730236,-87.846469859
2004,6,2004-06-02 11:00:00,OTHER OFFENSE,TELEPHONE THREAT,COMMERCIAL / BUSINESS OFFICE,False,76,41.981104464,-87.837863613
2004,6,2004-06-01 20:07:00,BATTERY,SIMPLE,AIRPORT/AIRCRAFT,False,76,41.976290414,-87.905227221
2004,6,2004-06-02 11:00:00,OTHER OFFENSE,TELEPHONE THREAT,RESIDENCE,False,76,41.980153495,-87.84007033700001
2004,6,2004-06-04 16:55:00,ASSAULT,AGGRAVATED: OTHER DANG WEAPON,BANK,True,76,41.986930009,-87.84031964399999
2004,6,2004-06-04 00:01:00,CRIMINAL DAMAGE,TO PROPERTY,OTHER,False,76,41.974292151,-87.84398430600001
2004,6,2004-06-04 17:25:00,THEFT,$500 AND UNDER,AIRPORT/AIRCRAFT,False,76,41.976290414,-87.905227221
2004,6,2004-06-04 08:51:00,CRIMINAL TRESPASS,TO LAND,AIRPORT/AIRCRAFT,True,76,41.976290414,-87.905227221
2004,6,2004-06-03 06:00:00,CRIMINAL DAMAGE,TO VEHICLE,AIRPORT/AIRCRAFT,False,76,41.976290414,-87.905227221
2004,6,2004-06-04 11:27:00,CRIMINAL TRESPASS,TO AIRPORT,AIRPORT/AIRCRAFT,True,76,41.976290414,-87.905227221
2004,6,2004-06-04 11:30:00,OTHER OFFENSE,TELEPHONE THREAT,AIRPORT/AIRCRAFT,False,76,41.976290414,-87.905227221
2004,6,2004-06-03 18:00:00,BURGLARY,UNLAWFUL ENTRY,OTHER,False,76,41.97744068,-87.83971247
2004,6,2004-06-05 15:00:00,OTHER OFFENSE,HARASSMENT BY TELEPHONE,APARTMENT,False,76,41.977609479,-87.846467101
2004,6,2004-06-06 18:00:00,THEFT,$500 AND UNDER,STREET,False,76,41.97855782,-87.836588785
2004,6,2004-06-06 17:00:00,DECEPTIVE PRACTICE,CREDIT CARD FRAUD,CTA TRAIN,False,76,41.984622486,-87.836582104
2004,6,2004-06-03 16:45:00,PUBLIC PEACE VIOLATION,BOMB THREAT,AIRPORT/AIRCRAFT,False,76,41.976290414,-87.905227221
2004,6,2004-06-01 15:00:00,THEFT,$500 AND UNDER,AIRPORT/AIRCRAFT,True,76,41.976290414,-87.905227221
2004,6,2004-06-04 17:47:00,THEFT,$500 AND UNDER,AIRPORT/AIRCRAFT,False,76,41.976290414,-87.905227221
2004,6,2004-06-05 20:30:00,OTHER OFFENSE,OTHER WEAPONS VIOLATION,AIRPORT/AIRCRAFT,True,76,41.976290414,-87.905227221
2004,6,2004-06-06 07:52:00,CRIMINAL TRESPASS,TO LAND,AIRPORT/AIRCRAFT,False,76,41.976290414,-87.905227221
2004,6,2004-06-06 08:11:00,CRIMINAL TRESPASS,TO LAND,AIRPORT/AIRCRAFT,False,76,41.976290414,-87.905227221
2004,6,2004-06-06 08:40:00,CRIMINAL TRESPASS,TO LAND,AIRPORT/AIRCRAFT,True,76,41.976290414,-87.905227221
2004,6,2004-06-01 06:00:00,OTHER OFFENSE,OTHER VEHICLE OFFENSE,AIRPORT/AIRCRAFT,True,76,41.976290414,-87.905227221
2004,6,2004-06-06 09:30:00,CRIMINAL DAMAGE,TO VEHICLE,STREET,False,76,41.975983872,-87.84493121
2004,6,2004-06-03 18:30:00,CRIMINAL DAMAGE,TO PROPERTY,RESIDENCE,False,76,41.974292151,-87.84398430600001
2004,6,2004-06-06 16:00:00,MOTOR VEHICLE THEFT,"CYCLE, SCOOTER, BIKE W-VIN",STREET,False,76,41.97424885,-87.84155748299999
2004,6,2004-06-07 03:30:00,THEFT,FROM BUILDING,AIRPORT/AIRCRAFT,False,76,41.976290414,-87.905227221
2004,6,2004-06-02 08:00:00,THEFT,OVER $500,PARKING LOT/GARAGE(NON.RESID.),False,76,41.976290414,-87.905227221
2004,6,2004-06-05 23:35:00,ROBBERY,ATTEMPT: STRONGARM-NO WEAPON,AIRPORT/AIRCRAFT,False,76,41.976290414,-87.905227221
2004,6,2004-06-04 13:37:00,OTHER OFFENSE,VIOLATE ORDER OF PROTECTION,STREET,True,76,41.974311037,-87.845197739
2004,6,2004-06-06 14:00:00,MOTOR VEHICLE THEFT,ATT: AUTOMOBILE,STREET,False,76,41.974783953,-87.841553366
2004,6,2004-06-07 18:50:00,CRIMINAL TRESPASS,TO AIRPORT,AIRPORT/AIRCRAFT,True,76,41.976290414,-87.905227221
2004,6,2004-06-08 20:40:00,DECEPTIVE PRACTICE,"THEFT BY LESSEE,MOTOR VEH",AIRPORT/AIRCRAFT,False,76,41.976290414,-87.905227221
2004,6,2004-06-08 20:40:00,DECEPTIVE PRACTICE,"THEFT BY LESSEE,MOTOR VEH",AIRPORT/AIRCRAFT,False,76,41.976290414,-87.905227221
2004,6,2004-06-08 10:06:00,OTHER OFFENSE,VIOLATE ORDER OF PROTECTION,RESIDENCE,True,76,41.974311037,-87.845197739
2004,6,2004-06-09 19:35:00,ASSAULT,SIMPLE,STREET,True,76,41.97375634,-87.843179362
2004,6,2004-06-09 00:00:00,MOTOR VEHICLE THEFT,"CYCLE, SCOOTER, BIKE W-VIN",PARKING LOT/GARAGE(NON.RESID.),False,76,41.976309683000004,-87.84154162799999
2004,6,2004-06-09 20:45:00,BATTERY,SIMPLE,AIRPORT/AIRCRAFT,False,76,41.976290414,-87.905227221
2004,6,2004-06-09 14:00:00,ASSAULT,SIMPLE,AIRPORT/AIRCRAFT,False,76,41.976290414,-87.905227221
2004,6,2004-06-10 15:10:00,THEFT,OVER $500,AIRPORT/AIRCRAFT,False,76,41.976290414,-87.905227221
2004,6,2004-06-10 20:00:00,OTHER OFFENSE,TELEPHONE THREAT,AIRPORT/AIRCRAFT,False,76,41.976290414,-87.905227221
2004,6,2004-06-11 15:40:00,ASSAULT,AGG PO HANDS NO/MIN INJURY,AIRPORT/AIRCRAFT,True,76,41.976290414,-87.905227221
2004,6,2004-06-07 17:00:00,DECEPTIVE PRACTICE,CREDIT CARD FRAUD,AIRPORT/AIRCRAFT,False,76,41.976290414,-87.905227221
2004,6,2004-06-10 10:30:00,THEFT,FROM BUILDING,OTHER,False,76,41.97744068,-87.83971247
2004,6,2004-06-11 22:51:00,OTHER OFFENSE,OTHER VEHICLE OFFENSE,STREET,False,76,41.974256786,-87.842770999
2004,6,2004-06-13 01:30:00,MOTOR VEHICLE THEFT,THEFT/RECOVERY: AUTOMOBILE,STREET,True,76,41.976290414,-87.905227221
2004,6,2004-06-13 20:00:00,THEFT,POCKET-PICKING,AIRPORT/AIRCRAFT,False,76,41.976290414,-87.905227221
2004,6,2004-06-12 00:30:00,CRIMINAL TRESPASS,TO AIRPORT,AIRPORT/AIRCRAFT,True,76,41.976290414,-87.905227221
2004,6,2004-06-10 18:00:00,BATTERY,DOMESTIC BATTERY SIMPLE,APARTMENT,True,76,41.975122708,-87.843121077
2004,6,2004-06-01 18:00:00,NARCOTICS,POSSESSION OF DRUG EQUIPMENT,RESIDENCE,True,76,41.974187576,-87.846496841
2004,6,2004-06-14 12:00:00,THEFT,POCKET-PICKING,CTA TRAIN,False,76,41.976290414,-87.905227221
2004,6,2004-06-11 15:30:00,THEFT,FROM BUILDING,AIRPORT/AIRCRAFT,False,76,41.976290414,-87.905227221
2004,6,2004-06-11 22:30:00,THEFT,$500 AND UNDER,AIRPORT/AIRCRAFT,False,76,41.976290414,-87.905227221
2004,6,2004-06-13 03:34:00,BATTERY,AGGRAVATED: OTHER DANG WEAPON,CTA PLATFORM,False,76,41.976290414,-87.905227221
2004,6,2004-06-13 16:15:00,CRIMINAL TRESPASS,TO RESIDENCE,APARTMENT,False,76,41.975122708,-87.843121077
2004,6,2004-06-14 12:45:00,THEFT,FROM BUILDING,APARTMENT,False,76,41.974207083,-87.843984957
2004,6,2004-06-15 19:00:00,OTHER OFFENSE,TELEPHONE THREAT,RESIDENCE,False,76,41.974207083,-87.843984957
2004,6,2004-06-14 15:30:00,THEFT,POCKET-PICKING,AIRPORT/AIRCRAFT,False,76,41.976290414,-87.905227221
2004,6,2004-06-13 14:09:00,BATTERY,SIMPLE,PARKING LOT/GARAGE(NON.RESID.),True,76,41.976290414,-87.905227221
2004,6,2004-06-13 19:20:00,OTHER OFFENSE,OTHER WEAPONS VIOLATION,AIRPORT/AIRCRAFT,True,76,41.976290414,-87.905227221
2004,6,2004-06-10 15:00:00,THEFT,OVER $500,AIRPORT/AIRCRAFT,False,76,41.976290414,-87.905227221
2004,6,2004-06-15 17:30:00,OTHER OFFENSE,TELEPHONE THREAT,RESIDENCE,False,76,41.975135557,-87.84227514
2004,6,2004-06-16 01:00:00,THEFT,OVER $500,PARKING LOT/GARAGE(NON.RESID.),False,76,41.971514895,-87.846539257
2004,6,2004-06-14 23:30:00,THEFT,FROM BUILDING,RESIDENCE PORCH/HALLWAY,False,76,41.97428362,-87.846496109
2004,6,2004-06-17 22:00:00,THEFT,OVER $500,PARKING LOT/GARAGE(NON.RESID.),False,76,41.986930009,-87.84031964399999
2004,6,2004-06-17 09:15:00,CRIMINAL TRESPASS,TO LAND,AIRPORT/AIRCRAFT,True,76,41.976290414,-87.905227221
2004,6,2004-06-17 10:00:00,CRIMINAL TRESPASS,TO LAND,AIRPORT/AIRCRAFT,True,76,41.976290414,-87.905227221
2004,6,2004-06-11 00:01:00,OTHER OFFENSE,TELEPHONE THREAT,RESIDENCE,False,76,41.975213289,-87.837376031
2004,6,2004-06-17 22:22:00,OTHER OFFENSE,TELEPHONE THREAT,APARTMENT,False,76,41.971514895,-87.846539257
2004,6,2004-06-19 05:00:00,BATTERY,SIMPLE,OTHER,False,76,41.974187576,-87.846496841
2004,6,2004-06-18 09:50:00,CRIMINAL TRESPASS,TO RESIDENCE,RESIDENCE,False,76,41.962317621,-87.838505558
2004,6,2004-06-19 09:00:00,THEFT,$500 AND UNDER,STREET,False,76,41.937971407,-87.836084267
2004,6,2004-06-09 22:30:00,THEFT,POCKET-PICKING,AIRPORT/AIRCRAFT,False,76,41.976290414,-87.905227221
2004,6,2004-06-19 08:15:00,CRIMINAL TRESPASS,TO LAND,AIRPORT/AIRCRAFT,True,76,41.976290414,-87.905227221
2004,6,2004-06-19 01:15:00,BATTERY,SIMPLE,AIRPORT/AIRCRAFT,False,76,41.976290414,-87.905227221
2004,6,2004-06-18 17:50:00,THEFT,OVER $500,AIRPORT/AIRCRAFT,False,76,41.976290414,-87.905227221
2004,6,2004-06-18 16:00:00,BATTERY,DOMESTIC BATTERY SIMPLE,RESIDENCE,False,76,41.978348886999996,-87.83968339
2004,6,2004-06-13 06:30:00,THEFT,OVER $500,AIRPORT/AIRCRAFT,False,76,41.976290414,-87.905227221
2004,6,2004-06-03 12:00:00,THEFT,FROM BUILDING,AIRPORT/AIRCRAFT,False,76,41.976290414,-87.905227221
2004,6,2004-06-17 10:00:00,ASSAULT,SIMPLE,AIRPORT/AIRCRAFT,False,76,41.976290414,-87.905227221
2004,6,2004-06-18 04:30:00,ASSAULT,SIMPLE,AIRPORT/AIRCRAFT,False,76,41.976290414,-87.905227221
2004,6,2004-06-20 22:00:00,THEFT,OVER $500,STREET,False,76,41.974355574,-87.84277024100001
2004,6,2004-06-20 02:00:00,THEFT,OVER $500,STREET,False,76,41.977730236,-87.846469859
2004,6,2004-06-22 10:30:00,OTHER OFFENSE,TELEPHONE THREAT,RESIDENCE,False,76,41.98110429,-87.837823157
2004,6,2004-06-14 06:26:00,MOTOR VEHICLE THEFT,AUTOMOBILE,AIRPORT/AIRCRAFT,False,76,41.976290414,-87.905227221
2004,6,2004-06-20 10:50:00,MOTOR VEHICLE THEFT,AUTOMOBILE,AIRPORT/AIRCRAFT,False,76,41.976290414,-87.905227221
2004,6,2004-06-22 19:30:00,MOTOR VEHICLE THEFT,AUTOMOBILE,AIRPORT/AIRCRAFT,False,76,41.976290414,-87.905227221
2004,6,2004-06-18 15:30:00,NARCOTICS,POSS: CANNABIS 30GMS OR LESS,AIRPORT/AIRCRAFT,True,76,41.976290414,-87.905227221
2004,6,2004-06-15 23:00:00,BATTERY,DOMESTIC BATTERY SIMPLE,APARTMENT,False,76,41.975122708,-87.843121077
2004,6,2004-06-18 18:45:00,NARCOTICS,POSS: COCAINE,AIRPORT/AIRCRAFT,True,76,41.976290414,-87.905227221
2004,6,2004-06-21 23:00:00,THEFT,OVER $500,STREET,False,76,41.97509329,-87.84458864700001
2004,6,2004-06-19 15:21:00,OTHER OFFENSE,TELEPHONE THREAT,STREET,False,76,41.952087328000005,-87.83726860200001
2004,6,2004-06-22 19:55:00,BATTERY,DOMESTIC BATTERY SIMPLE,RESIDENCE,True,76,41.978348886999996,-87.83968339
2004,6,2004-06-22 22:20:00,BATTERY,SIMPLE,STREET,False,76,41.951220226,-87.836650374
2004,6,2004-06-11 09:48:00,THEFT,OVER $500,AIRPORT/AIRCRAFT,False,76,41.976290414,-87.905227221
2004,6,2004-06-19 14:15:00,OFFENSE INVOLVING CHILDREN,CHILD ABDUCTION,AIRPORT/AIRCRAFT,False,76,41.976290414,-87.905227221
2004,6,2004-06-20 21:51:00,CRIMINAL TRESPASS,TO LAND,AIRPORT/AIRCRAFT,True,76,41.976290414,-87.905227221
2004,6,2004-06-21 00:20:00,CRIMINAL TRESPASS,TO AIRPORT,AIRPORT/AIRCRAFT,True,76,41.976290414,-87.905227221
2004,6,2004-06-20 08:00:00,THEFT,$500 AND UNDER,GOVERNMENT BUILDING/PROPERTY,False,76,41.953277956,-87.91355
2004,6,2004-06-21 01:45:00,CRIMINAL TRESPASS,TO AIRPORT,HOTEL/MOTEL,True,76,41.976290414,-87.905227221
2004,6,2004-06-21 10:15:00,WEAPONS VIOLATION,UNLAWFUL POSS OF HANDGUN,AIRPORT/AIRCRAFT,True,76,41.976290414,-87.905227221
2004,6,2004-06-22 21:10:00,MOTOR VEHICLE THEFT,AUTOMOBILE,AIRPORT/AIRCRAFT,True,76,41.976290414,-87.905227221
2004,6,2004-06-22 17:00:00,BATTERY,DOMESTIC BATTERY SIMPLE,AIRPORT/AIRCRAFT,True,76,41.976290414,-87.905227221
2004,6,2004-06-23 06:30:00,CRIMINAL DAMAGE,TO VEHICLE,AIRPORT/AIRCRAFT,False,76,41.976290414,-87.905227221
2004,6,2004-06-23 23:30:00,MOTOR VEHICLE THEFT,"CYCLE, SCOOTER, BIKE W-VIN",OTHER,False,76,41.97603544,-87.84222409600001
2004,6,2004-06-24 14:00:00,THEFT,OVER $500,SIDEWALK,False,76,41.966239473,-87.83668449
2004,6,2004-06-21 15:00:00,THEFT,$500 AND UNDER,STREET,False,76,41.978884076,-87.83906139
2004,6,2004-06-24 12:46:00,CRIMINAL TRESPASS,TO AIRPORT,AIRPORT/AIRCRAFT,True,76,41.976290414,-87.905227221
2004,6,2004-06-19 17:00:00,THEFT,FROM BUILDING,RESIDENCE,False,76,41.976636233,-87.841539116
2004,6,2004-06-24 19:25:00,ASSAULT,SIMPLE,SIDEWALK,False,76,41.974292151,-87.84398430600001
2004,6,2004-06-20 08:00:00,THEFT,FROM BUILDING,RESIDENCE,False,76,41.977436377,-87.83998833
2004,6,2004-06-22 01:30:00,THEFT,FROM BUILDING,RESIDENCE,False,76,41.959863866999996,-87.83777082299999
2004,6,2004-06-25 21:40:00,BATTERY,DOMESTIC BATTERY SIMPLE,RESIDENCE,False,76,41.975133615,-87.84246271
2004,6,2004-06-20 21:45:00,ASSAULT,AGGRAVATED:KNIFE/CUTTING INSTR,RESIDENCE,False,76,41.977609479,-87.846467101
2004,6,2004-06-25 19:30:00,BATTERY,SIMPLE,RESTAURANT,False,76,41.976290414,-87.905227221
2004,6,2004-06-25 21:30:00,THEFT,$500 AND UNDER,PARKING LOT/GARAGE(NON.RESID.),False,76,41.986989467,-87.840745861
2004,6,2004-06-22 23:30:00,THEFT,$500 AND UNDER,AIRPORT/AIRCRAFT,False,76,41.976290414,-87.905227221
2004,6,2004-06-25 16:05:00,OTHER OFFENSE,BOARD PLANE WITH WEAPON,AIRPORT/AIRCRAFT,False,76,41.976290414,-87.905227221
2004,6,2004-06-26 01:30:00,CRIMINAL DAMAGE,TO PROPERTY,APARTMENT,False,76,41.975122708,-87.843121077
2004,6,2004-06-27 19:45:00,BATTERY,SIMPLE,RESIDENCE,False,76,41.975122708,-87.843121077
2004,6,2004-06-26 07:38:00,BATTERY,SIMPLE,AIRPORT/AIRCRAFT,False,76,41.976290414,-87.905227221
2004,6,2004-06-26 10:00:00,CRIMINAL TRESPASS,TO LAND,AIRPORT/AIRCRAFT,True,76,41.976290414,-87.905227221
2004,6,2004-06-25 15:48:00,CRIMINAL DAMAGE,TO VEHICLE,PARKING LOT/GARAGE(NON.RESID.),True,76,41.977609479,-87.846467101
2004,6,2004-06-23 11:30:00,CRIMINAL DAMAGE,TO PROPERTY,APARTMENT,False,76,41.974264709,-87.843984516
2004,6,2004-06-26 00:01:00,THEFT,OVER $500,AIRPORT/AIRCRAFT,False,76,41.976290414,-87.905227221
2004,6,2004-06-26 09:40:00,CRIMINAL TRESPASS,TO LAND,AIRPORT/AIRCRAFT,True,76,41.976290414,-87.905227221
2004,6,2004-06-26 06:15:00,THEFT,$500 AND UNDER,AIRPORT/AIRCRAFT,False,76,41.976290414,-87.905227221
2004,6,2004-06-27 08:00:00,CRIMINAL TRESPASS,TO LAND,AIRPORT/AIRCRAFT,True,76,41.976290414,-87.905227221
2004,6,2004-06-27 12:54:00,BATTERY,SIMPLE,AIRPORT/AIRCRAFT,True,76,41.976290414,-87.905227221
2004,6,2004-06-26 07:20:00,THEFT,$500 AND UNDER,AIRPORT/AIRCRAFT,False,76,41.976290414,-87.905227221
2004,6,2004-06-29 09:00:00,THEFT,OVER $500,STREET,False,76,41.986930009,-87.84031964399999
2004,6,2004-06-27 18:00:00,CRIMINAL DAMAGE,TO CITY OF CHICAGO PROPERTY,"SCHOOL, PUBLIC, GROUNDS",False,76,41.973797081,-87.841156435
2004,6,2004-06-29 08:12:00,CRIMINAL DAMAGE,TO VEHICLE,OTHER,False,76,41.971374944000004,-87.846540323
2004,6,2004-06-29 17:43:00,DECEPTIVE PRACTICE,COUNTERFEITING DOCUMENT,OTHER,False,76,41.981104464,-87.837863613
2004,6,2004-06-30 01:30:00,BATTERY,DOMESTIC BATTERY SIMPLE,RESIDENCE,True,76,41.975122708,-87.843121077
2004,6,2004-06-25 12:45:00,NARCOTICS,POSS: CANNABIS 30GMS OR LESS,AIRPORT/AIRCRAFT,True,76,41.976290414,-87.905227221
2004,6,2004-06-30 08:15:00,THEFT,OVER $500,PARKING LOT/GARAGE(NON.RESID.),False,76,41.986989467,-87.840745861
2004,6,2004-06-28 08:10:00,OTHER OFFENSE,TELEPHONE THREAT,OTHER,False,76,41.976290414,-87.905227221
2004,6,2004-06-30 10:00:00,THEFT,$500 AND UNDER,PARKING LOT/GARAGE(NON.RESID.),True,76,41.981040824000004,-87.84029151799999
2004,6,2004-06-30 12:00:00,THEFT,$500 AND UNDER,RESIDENCE-GARAGE,False,76,41.959863866999996,-87.83777082299999
2004,6,2004-06-29 11:30:00,BATTERY,SIMPLE,AIRPORT/AIRCRAFT,False,76,41.976290414,-87.905227221
2004,6,2004-06-30 00:05:00,CRIMINAL TRESPASS,TO LAND,AIRPORT/AIRCRAFT,True,76,41.976290414,-87.905227221
2004,6,2004-06-26 16:00:00,NARCOTICS,POSS: CANNABIS 30GMS OR LESS,AIRPORT/AIRCRAFT,True,76,41.976290414,-87.905227221
2004,6,2004-06-29 13:00:00,DECEPTIVE PRACTICE,ILLEGAL USE CASH CARD,CONVENIENCE STORE,False,76,41.976290414,-87.905227221
2004,6,2004-06-30 11:45:00,BATTERY,SIMPLE,AIRPORT/AIRCRAFT,True,76,41.976290414,-87.905227221
2004,6,2004-06-24 00:01:00,THEFT,FROM BUILDING,RESIDENCE,False,76,41.977436377,-87.83998833
2004,6,2004-06-22 12:00:00,CRIMINAL DAMAGE,TO PROPERTY,RESIDENCE,False,76,41.959863866999996,-87.83777082299999
2004,6,2004-06-24 09:30:00,NARCOTICS,POSS: CANNABIS 30GMS OR LESS,AIRPORT/AIRCRAFT,True,76,41.976290414,-87.905227221
2004,6,2004-06-24 07:00:00,THEFT,FROM BUILDING,AIRPORT/AIRCRAFT,False,76,41.976290414,-87.905227221
2004,6,2004-06-28 00:00:00,DECEPTIVE PRACTICE,CREDIT CARD FRAUD,APARTMENT,False,76,41.977609479,-87.846467101
2004,6,2004-06-15 11:00:00,DECEPTIVE PRACTICE,"THEFT BY LESSEE,MOTOR VEH",AIRPORT/AIRCRAFT,False,76,41.976290414,-87.905227221
2004,6,2004-06-29 16:30:00,THEFT,$500 AND UNDER,AIRPORT/AIRCRAFT,False,76,41.976290414,-87.905227221
2004,6,2004-06-23 12:00:00,THEFT,$500 AND UNDER,AIRPORT/AIRCRAFT,False,76,41.976290414,-87.905227221
2004,6,2004-06-01 12:40:00,MOTOR VEHICLE THEFT,AUTOMOBILE,AIRPORT/AIRCRAFT,False,76,41.976290414,-87.905227221
2004,6,2004-06-28 09:45:00,THEFT,OVER $500,PARKING LOT/GARAGE(NON.RESID.),False,76,41.976290414,-87.905227221
2004,6,2004-06-30 08:30:00,CRIMINAL DAMAGE,TO VEHICLE,AIRPORT/AIRCRAFT,False,76,41.976290414,-87.905227221
2004,6,2004-06-26 12:55:00,NARCOTICS,POSS: CANNABIS 30GMS OR LESS,AIRPORT/AIRCRAFT,True,76,41.976290414,-87.905227221
2004,6,2004-06-01 17:00:00,DECEPTIVE PRACTICE,"THEFT BY LESSEE,MOTOR VEH",AIRPORT/AIRCRAFT,False,76,41.976290414,-87.905227221
2004,6,2004-06-15 17:00:00,DECEPTIVE PRACTICE,"THEFT BY LESSEE,MOTOR VEH",AIRPORT/AIRCRAFT,False,76,41.976290414,-87.905227221
2004,6,2004-06-27 06:45:00,NARCOTICS,POSS: CANNABIS 30GMS OR LESS,AIRPORT/AIRCRAFT,True,76,41.976290414,-87.905227221
2004,6,2004-06-27 07:00:00,NARCOTICS,POSS: CANNABIS MORE THAN 30GMS,AIRPORT/AIRCRAFT,True,76,41.976290414,-87.905227221
2004,6,2004-06-18 09:00:00,OTHER OFFENSE,TELEPHONE THREAT,RESIDENCE,False,76,41.978346459,-87.839756963
2004,6,2004-06-29 11:15:00,THEFT,OVER $500,AIRPORT/AIRCRAFT,False,76,41.976290414,-87.905227221
2004,6,2004-06-26 12:00:00,DECEPTIVE PRACTICE,"THEFT BY LESSEE,MOTOR VEH",AIRPORT/AIRCRAFT,False,76,41.976290414,-87.905227221
2004,6,2004-06-24 19:30:00,THEFT,$500 AND UNDER,AIRPORT/AIRCRAFT,False,76,41.976290414,-87.905227221
2004,6,2004-06-05 06:30:00,DECEPTIVE PRACTICE,CREDIT CARD FRAUD,AIRPORT/AIRCRAFT,False,76,41.976290414,-87.905227221
2004,6,2004-06-21 11:00:00,MOTOR VEHICLE THEFT,AUTOMOBILE,AIRPORT/AIRCRAFT,False,76,41.976290414,-87.905227221
2004,6,2004-06-29 13:26:00,DECEPTIVE PRACTICE,"THEFT BY LESSEE,MOTOR VEH",AIRPORT/AIRCRAFT,True,76,41.976290414,-87.905227221
2004,6,2004-06-02 08:00:00,OTHER OFFENSE,OTHER VEHICLE OFFENSE,AIRPORT/AIRCRAFT,False,76,41.976290414,-87.905227221
2004,6,2004-06-24 20:00:00,DECEPTIVE PRACTICE,"THEFT BY LESSEE,MOTOR VEH",AIRPORT/AIRCRAFT,True,76,41.976290414,-87.905227221
2004,6,2004-06-01 12:00:00,THEFT,FINANCIAL ID THEFT: OVER $300,RESIDENCE,False,76,41.980195988,-87.837830199
2004,7,2004-07-07 00:00:00,OTHER OFFENSE,TELEPHONE THREAT,RESIDENCE,False,76,,
2004,7,2004-07-01 12:30:00,BATTERY,DOMESTIC BATTERY SIMPLE,APARTMENT,False,76,41.977968974,-87.84646804100001
2004,7,2004-07-01 17:30:00,THEFT,FROM BUILDING,AIRPORT/AIRCRAFT,False,76,41.976290414,-87.905227221
2004,7,2004-07-01 14:30:00,CRIMINAL DAMAGE,TO VEHICLE,OTHER COMMERCIAL TRANSPORTATION,False,76,41.977064332,-87.8415395
2004,7,2004-07-01 15:00:00,THEFT,FROM BUILDING,AIRPORT/AIRCRAFT,False,76,41.976290414,-87.905227221
2004,7,2004-07-01 07:30:00,THEFT,OVER $500,STREET,False,76,41.952087328000005,-87.83726860200001
2004,7,2004-07-02 14:00:00,BURGLARY,UNLAWFUL ENTRY,RESIDENCE-GARAGE,True,76,41.959792899,-87.84233045
2004,7,2004-07-02 06:30:00,THEFT,OVER $500,RESTAURANT,False,76,41.980958608,-87.845455914
2004,7,2004-07-02 22:30:00,BATTERY,SIMPLE,SIDEWALK,False,76,41.978339634,-87.840084335
2004,7,2004-07-05 03:00:00,CRIMINAL DAMAGE,TO VEHICLE,PARKING LOT/GARAGE(NON.RESID.),False,76,41.975862946,-87.83911785
2004,7,2004-07-02 15:18:00,BATTERY,SIMPLE,AIRPORT/AIRCRAFT,True,76,41.976290414,-87.905227221
2004,7,2004-07-02 18:00:00,CRIMINAL DAMAGE,TO PROPERTY,OTHER,False,76,41.973192154,-87.867167993
2004,7,2004-07-03 15:36:00,BATTERY,SIMPLE,HOTEL/MOTEL,False,76,41.976290414,-87.905227221
2004,7,2004-07-03 17:55:00,MOTOR VEHICLE THEFT,THEFT/RECOVERY: AUTOMOBILE,AIRPORT/AIRCRAFT,True,76,41.976290414,-87.905227221
2004,7,2004-07-04 21:00:00,ASSAULT,SIMPLE,RESIDENCE,False,76,41.977968974,-87.84646804100001
2004,7,2004-07-05 09:30:00,THEFT,FROM BUILDING,AIRPORT/AIRCRAFT,False,76,41.976290414,-87.905227221
2004,7,2004-07-05 18:00:00,THEFT,$500 AND UNDER,SIDEWALK,False,76,41.943364783,-87.83504256399999
2004,7,2004-07-03 01:00:00,BATTERY,DOMESTIC BATTERY SIMPLE,RESIDENCE,True,76,41.980193926,-87.837988363
2004,7,2004-07-04 13:00:00,THEFT,RETAIL THEFT,HOTEL/MOTEL,False,76,41.976290414,-87.905227221
2004,7,2004-07-04 15:25:00,BATTERY,SIMPLE,AIRPORT/AIRCRAFT,False,76,41.976290414,-87.905227221
2004,7,2004-07-05 18:00:00,THEFT,OVER $500,AIRPORT/AIRCRAFT,False,76,41.976290414,-87.905227221
2004,7,2004-07-06 12:30:00,BATTERY,SIMPLE,CTA TRAIN,True,76,41.984622486,-87.836582104
2004,7,2004-07-06 13:00:00,THEFT,OVER $500,STREET,False,76,41.965639866,-87.842748861
2004,7,2004-07-01 05:22:00,THEFT,$500 AND UNDER,AIRPORT/AIRCRAFT,False,76,41.976290414,-87.905227221
2004,7,2004-07-05 21:00:00,THEFT,$500 AND UNDER,HOTEL/MOTEL,True,76,41.976290414,-87.905227221
2004,7,2004-07-07 02:30:00,CRIMINAL DAMAGE,TO VEHICLE,STREET,False,76,41.974314413,-87.84277055700001
2004,7,2004-07-06 21:40:00,THEFT,FROM BUILDING,AIRPORT/AIRCRAFT,False,76,41.976290414,-87.905227221
2004,7,2004-07-07 08:40:00,CRIMINAL TRESPASS,TO LAND,AIRPORT/AIRCRAFT,True,76,41.976290414,-87.905227221
2004,7,2004-07-07 03:35:00,CRIMINAL TRESPASS,TO VEHICLE,AIRPORT/AIRCRAFT,False,76,41.976290414,-87.905227221
2004,7,2004-07-07 08:00:00,CRIMINAL TRESPASS,TO LAND,AIRPORT/AIRCRAFT,True,76,41.976290414,-87.905227221
2004,7,2004-07-06 09:10:00,CRIMINAL TRESPASS,TO LAND,AIRPORT/AIRCRAFT,True,76,41.976290414,-87.905227221
2004,7,2004-07-05 07:25:00,CRIMINAL TRESPASS,TO AIRPORT,AIRPORT/AIRCRAFT,False,76,41.976290414,-87.905227221
2004,7,2004-07-05 18:45:00,BATTERY,SIMPLE,AIRPORT/AIRCRAFT,False,76,41.976290414,-87.905227221
2004,7,2004-07-06 19:00:00,CRIMINAL DAMAGE,TO VEHICLE,STREET,False,76,41.980041579,-87.844701601
2004,7,2004-07-07 08:00:00,BATTERY,DOMESTIC BATTERY SIMPLE,APARTMENT,False,76,41.974284227,-87.842770788
2004,7,2004-07-08 07:00:00,THEFT,FROM BUILDING,AIRPORT/AIRCRAFT,False,76,41.976290414,-87.905227221
2004,7,2004-07-06 18:29:00,WEAPONS VIOLATION,UNLAWFUL USE OTHER DANG WEAPON,AIRPORT/AIRCRAFT,True,76,41.976290414,-87.905227221
2004,7,2004-07-07 14:00:00,THEFT,$500 AND UNDER,AIRPORT/AIRCRAFT,False,76,41.976290414,-87.905227221
2004,7,2004-07-08 20:50:00,CRIMINAL DAMAGE,TO CITY OF CHICAGO PROPERTY,STREET,True,76,41.973797081,-87.841156435
2004,7,2004-07-08 20:25:00,CRIMINAL DAMAGE,TO VEHICLE,ALLEY,True,76,41.974360754,-87.84398378
2004,7,2004-07-08 09:30:00,THEFT,OVER $500,PARKING LOT/GARAGE(NON.RESID.),False,76,41.984622486,-87.836582104
2004,7,2004-07-08 18:55:00,DECEPTIVE PRACTICE,THEFT OF LABOR/SERVICES,PARKING LOT/GARAGE(NON.RESID.),True,76,41.984622486,-87.836582104
2004,7,2004-07-10 00:00:00,THEFT,$500 AND UNDER,STREET,False,76,41.975174023,-87.83972629600001
2004,7,2004-07-01 20:05:00,BATTERY,SIMPLE,AIRPORT/AIRCRAFT,True,76,41.976290414,-87.905227221
2004,7,2004-07-08 08:50:00,CRIMINAL TRESPASS,TO LAND,AIRPORT/AIRCRAFT,True,76,41.976290414,-87.905227221
2004,7,2004-07-10 03:00:00,THEFT,$500 AND UNDER,STREET,False,76,41.977609479,-87.846467101
2004,7,2004-07-08 19:30:00,BATTERY,SIMPLE,AIRPORT/AIRCRAFT,True,76,41.976290414,-87.905227221
2004,7,2004-07-01 16:00:00,BURGLARY,UNLAWFUL ENTRY,RESIDENCE PORCH/HALLWAY,True,76,41.981040824000004,-87.84029151799999
2004,7,2004-07-10 05:00:00,BATTERY,DOMESTIC BATTERY SIMPLE,RESIDENCE,False,76,41.975133615,-87.84246271
2004,7,2004-07-09 17:50:00,DECEPTIVE PRACTICE,THEFT OF LABOR/SERVICES,AIRPORT/AIRCRAFT,False,76,41.976290414,-87.905227221
2004,7,2004-07-10 10:20:00,CRIMINAL DAMAGE,TO PROPERTY,RESIDENCE,False,76,41.975122708,-87.843121077
2004,7,2004-07-10 14:20:00,CRIMINAL DAMAGE,TO VEHICLE,PARKING LOT/GARAGE(NON.RESID.),False,76,41.96496068,-87.83668706799999
2004,7,2004-07-10 18:45:00,BATTERY,DOMESTIC BATTERY SIMPLE,RESIDENCE,False,76,41.976851843,-87.842545135
2004,7,2004-07-11 10:45:00,THEFT,$500 AND UNDER,OTHER,False,76,41.976290414,-87.905227221
2004,7,2004-07-09 04:30:00,THEFT,$500 AND UNDER,OTHER,False,76,41.976290414,-87.905227221
2004,7,2004-07-09 18:30:00,ASSAULT,SIMPLE,OTHER,False,76,41.976290414,-87.905227221
2004,7,2004-07-11 10:25:00,THEFT,OVER $500,PARKING LOT/GARAGE(NON.RESID.),False,76,41.981831628,-87.836581729
2004,7,2004-07-12 21:30:00,ASSAULT,SIMPLE,DRIVEWAY - RESIDENTIAL,True,76,41.975988484,-87.84472522899999
2004,7,2004-07-02 09:00:00,THEFT,$500 AND UNDER,AIRPORT/AIRCRAFT,False,76,41.976290414,-87.905227221
2004,7,2004-07-12 20:30:00,THEFT,POCKET-PICKING,CTA TRAIN,False,76,41.976290414,-87.905227221
2004,7,2004-07-13 12:00:00,THEFT,FROM BUILDING,AIRPORT/AIRCRAFT,False,76,41.976290414,-87.905227221
2004,7,2004-07-10 18:45:00,CRIMINAL DAMAGE,TO PROPERTY,CTA PLATFORM,True,76,41.976290414,-87.905227221
2004,7,2004-07-13 19:30:00,ASSAULT,SIMPLE,SIDEWALK,False,76,41.974333312,-87.84398399
2004,7,2004-07-04 11:30:00,THEFT,FROM BUILDING,AIRPORT/AIRCRAFT,False,76,41.976290414,-87.905227221
2004,7,2004-07-14 13:10:00,OTHER OFFENSE,HARASSMENT BY TELEPHONE,RESIDENCE,False,76,41.978346459,-87.839756963
2004,7,2004-07-14 10:15:00,THEFT,OVER $500,PARKING LOT/GARAGE(NON.RESID.),False,76,41.978604469000004,-87.836588422
2004,7,2004-07-11 21:00:00,MOTOR VEHICLE THEFT,AUTOMOBILE,STREET,False,76,41.974083596999996,-87.84398590200001
2004,7,2004-07-13 18:15:00,ASSAULT,SIMPLE,RESTAURANT,False,76,41.976290414,-87.905227221
2004,7,2004-07-14 19:15:00,ASSAULT,AGGRAVATED: OTHER DANG WEAPON,STREET,False,76,41.978346459,-87.839756963
2004,7,2004-07-14 19:08:00,ASSAULT,AGG PO HANDS NO/MIN INJURY,STREET,True,76,41.977029395,-87.836611696
2004,7,2004-07-14 21:00:00,ASSAULT,SIMPLE,STREET,False,76,41.974383016,-87.84277003
2004,7,2004-07-13 22:35:00,CRIMINAL DAMAGE,TO VEHICLE,PARKING LOT/GARAGE(NON.RESID.),False,76,41.976290414,-87.905227221
2004,7,2004-07-14 06:45:00,THEFT,POCKET-PICKING,AIRPORT/AIRCRAFT,False,76,41.976290414,-87.905227221
2004,7,2004-07-14 15:56:00,INTERFERENCE WITH PUBLIC OFFICER,RESIST/OBSTRUCT/DISARM OFFICER,AIRPORT/AIRCRAFT,True,76,41.976290414,-87.905227221
2004,7,2004-07-14 17:35:00,WEAPONS VIOLATION,UNLAWFUL USE OTHER DANG WEAPON,AIRPORT/AIRCRAFT,True,76,41.976290414,-87.905227221
2004,7,2004-07-16 06:45:00,THEFT,FROM BUILDING,AIRPORT/AIRCRAFT,False,76,41.976290414,-87.905227221
2004,7,2004-07-17 00:01:00,OTHER OFFENSE,HARASSMENT BY TELEPHONE,RESIDENCE,False,76,41.978346459,-87.839756963
2004,7,2004-07-14 18:16:00,DECEPTIVE PRACTICE,THEFT OF LABOR/SERVICES,AIRPORT/AIRCRAFT,True,76,41.976290414,-87.905227221
2004,7,2004-07-14 15:45:00,BATTERY,SIMPLE,AIRPORT/AIRCRAFT,False,76,41.976290414,-87.905227221
2004,7,2004-07-14 15:30:00,BURGLARY,FORCIBLE ENTRY,AIRPORT/AIRCRAFT,False,76,41.976290414,-87.905227221
2004,7,2004-07-14 15:30:00,THEFT,OVER $500,AIRPORT/AIRCRAFT,False,76,41.976290414,-87.905227221
2004,7,2004-07-14 05:30:00,CRIMINAL DAMAGE,TO VEHICLE,AIRPORT/AIRCRAFT,False,76,41.976290414,-87.905227221
2004,7,2004-07-15 22:00:00,BATTERY,AGGRAVATED: OTHER DANG WEAPON,PARKING LOT/GARAGE(NON.RESID.),False,76,41.965899186,-87.836683456
2004,7,2004-07-17 03:00:00,CRIMINAL DAMAGE,TO VEHICLE,STREET,False,76,41.937573194,-87.835381684
2004,7,2004-07-06 15:00:00,THEFT,FROM BUILDING,RESIDENCE,False,76,41.977968974,-87.84646804100001
2004,7,2004-07-11 12:00:00,MOTOR VEHICLE THEFT,AUTOMOBILE,AIRPORT/AIRCRAFT,True,76,41.976290414,-87.905227221
2004,7,2004-07-17 14:15:00,ASSAULT,SIMPLE,APARTMENT,False,76,41.976035125,-87.842150546
2004,7,2004-07-18 00:45:00,BATTERY,DOMESTIC BATTERY SIMPLE,APARTMENT,False,76,41.977436377,-87.83998833
2004,7,2004-07-17 19:30:00,BATTERY,SIMPLE,AIRPORT/AIRCRAFT,True,76,41.976290414,-87.905227221
2004,7,2004-07-18 22:00:00,CRIMINAL DAMAGE,TO PROPERTY,APARTMENT,False,76,41.974383016,-87.84277003
2004,7,2004-07-18 23:05:00,BATTERY,DOMESTIC BATTERY SIMPLE,APARTMENT,True,76,41.974157367,-87.84519891299999
2004,7,2004-07-17 23:05:00,ASSAULT,AGGRAVATED:KNIFE/CUTTING INSTR,APARTMENT,True,76,41.97591453,-87.841544668
2004,7,2004-07-19 11:30:00,THEFT,OVER $500,VEHICLE-COMMERCIAL,False,76,41.979205021999995,-87.842229165
2004,7,2004-07-18 23:30:00,CRIMINAL DAMAGE,TO VEHICLE,PARKING LOT/GARAGE(NON.RESID.),False,76,41.977848233,-87.84646896
2004,7,2004-07-15 02:00:00,THEFT,$500 AND UNDER,AIRPORT/AIRCRAFT,False,76,41.976290414,-87.905227221
2004,7,2004-07-16 06:00:00,BURGLARY,FORCIBLE ENTRY,RESIDENCE,True,76,41.971514895,-87.846539257
2004,7,2004-07-18 17:00:00,THEFT,$500 AND UNDER,PARK PROPERTY,False,76,41.952087328000005,-87.83726860200001
2004,7,2004-07-16 08:15:00,CRIMINAL TRESPASS,TO LAND,AIRPORT/AIRCRAFT,True,76,41.976290414,-87.905227221
2004,7,2004-07-18 09:00:00,BATTERY,SIMPLE,AIRPORT/AIRCRAFT,False,76,41.976290414,-87.905227221
2004,7,2004-07-14 19:05:00,CRIMINAL TRESPASS,TO LAND,CTA PLATFORM,True,76,41.976290414,-87.905227221
2004,7,2004-07-18 10:50:00,CRIMINAL TRESPASS,TO LAND,AIRPORT/AIRCRAFT,True,76,41.976290414,-87.905227221
2004,7,2004-07-20 21:15:00,CRIMINAL DAMAGE,TO PROPERTY,APARTMENT,False,76,41.974292151,-87.84398430600001
2004,7,2004-07-21 02:10:00,BATTERY,DOMESTIC BATTERY SIMPLE,RESIDENCE,False,76,41.976840050999996,-87.83661316700001
2004,7,2004-07-19 04:45:00,THEFT,FROM BUILDING,AIRPORT/AIRCRAFT,False,76,41.976290414,-87.905227221
2004,7,2004-07-13 10:35:00,THEFT,$500 AND UNDER,AIRPORT/AIRCRAFT,False,76,41.976290414,-87.905227221
2004,7,2004-07-19 17:15:00,THEFT,$500 AND UNDER,PARKING LOT/GARAGE(NON.RESID.),False,76,41.976290414,-87.905227221
2004,7,2004-07-20 09:43:00,CRIMINAL TRESPASS,TO LAND,PARKING LOT/GARAGE(NON.RESID.),True,76,41.976290414,-87.905227221
2004,7,2004-07-20 07:00:00,CRIMINAL DAMAGE,TO PROPERTY,AIRPORT/AIRCRAFT,False,76,41.976290414,-87.905227221
2004,7,2004-07-20 14:32:00,OTHER OFFENSE,OTHER WEAPONS VIOLATION,AIRPORT/AIRCRAFT,True,76,41.976290414,-87.905227221
2004,7,2004-07-13 16:00:00,THEFT,FROM BUILDING,AIRPORT/AIRCRAFT,False,76,41.976290414,-87.905227221
2004,7,2004-07-20 16:00:00,THEFT,$500 AND UNDER,AIRPORT/AIRCRAFT,False,76,41.976290414,-87.905227221
2004,7,2004-07-22 01:40:00,CRIMINAL DAMAGE,TO PROPERTY,AIRPORT/AIRCRAFT,False,76,41.976290414,-87.905227221
2004,7,2004-07-22 07:50:00,CRIMINAL TRESPASS,TO LAND,AIRPORT/AIRCRAFT,True,76,41.976290414,-87.905227221
2004,7,2004-07-12 00:01:00,CRIMINAL TRESPASS,TO LAND,AIRPORT/AIRCRAFT,True,76,41.976290414,-87.905227221
2004,7,2004-07-21 17:00:00,CRIMINAL DAMAGE,TO VEHICLE,STREET,False,76,41.973192154,-87.867167993
2004,7,2004-07-22 08:41:00,CRIMINAL TRESPASS,TO LAND,AIRPORT/AIRCRAFT,True,76,41.976290414,-87.905227221
2004,7,2004-07-24 02:00:00,CRIMINAL DAMAGE,TO VEHICLE,PARKING LOT/GARAGE(NON.RESID.),False,76,41.976661683,-87.83661455299999
2004,7,2004-07-23 11:30:00,ASSAULT,SIMPLE,AIRPORT/AIRCRAFT,False,76,41.976290414,-87.905227221
2004,7,2004-07-22 17:21:00,THEFT,$500 AND UNDER,AIRPORT/AIRCRAFT,False,76,41.976290414,-87.905227221
2004,7,2004-07-23 19:00:00,MOTOR VEHICLE THEFT,"CYCLE, SCOOTER, BIKE W-VIN",PARKING LOT/GARAGE(NON.RESID.),False,76,41.977431868000004,-87.84021638200001
2004,7,2004-07-23 09:30:00,CRIMINAL DAMAGE,TO PROPERTY,APARTMENT,False,76,41.977609479,-87.846467101
2004,7,2004-07-25 00:10:00,OTHER OFFENSE,HARASSMENT BY TELEPHONE,APARTMENT,False,76,41.981051826,-87.839658835
2004,7,2004-07-23 22:30:00,DECEPTIVE PRACTICE,THEFT OF LABOR/SERVICES,AIRPORT/AIRCRAFT,True,76,41.976290414,-87.905227221
2004,7,2004-07-24 08:20:00,CRIMINAL TRESPASS,TO LAND,AIRPORT/AIRCRAFT,True,76,41.976290414,-87.905227221
2004,7,2004-07-24 08:30:00,CRIMINAL TRESPASS,TO LAND,AIRPORT/AIRCRAFT,True,76,41.976290414,-87.905227221
2004,7,2004-07-23 19:30:00,BATTERY,SIMPLE,AIRPORT/AIRCRAFT,True,76,41.976290414,-87.905227221
2004,7,2004-07-25 17:47:00,OTHER OFFENSE,TELEPHONE THREAT,APARTMENT,False,76,41.976840050999996,-87.83661316700001
2004,7,2004-07-05 09:30:00,NARCOTICS,POSS: CANNABIS MORE THAN 30GMS,GOVERNMENT BUILDING/PROPERTY,True,76,41.976290414,-87.905227221
2004,7,2004-07-19 09:00:00,THEFT,$500 AND UNDER,CTA GARAGE / OTHER PROPERTY,False,76,41.984622486,-87.836582104
2004,7,2004-07-26 14:30:00,THEFT,POCKET-PICKING,CTA TRAIN,False,76,41.976290414,-87.905227221
2004,7,2004-07-18 07:00:00,BATTERY,SIMPLE,PARKING LOT/GARAGE(NON.RESID.),False,76,41.976290414,-87.905227221
2004,7,2004-07-24 17:00:00,CRIMINAL DAMAGE,TO PROPERTY,COMMERCIAL / BUSINESS OFFICE,False,76,41.973192154,-87.867167993
2004,7,2004-07-24 17:00:00,CRIMINAL DAMAGE,TO VEHICLE,COMMERCIAL / BUSINESS OFFICE,False,76,41.973192154,-87.867167993
2004,7,2004-07-24 17:00:00,CRIMINAL DAMAGE,TO PROPERTY,RESIDENCE,False,76,41.962317621,-87.838505558
2004,7,2004-07-06 14:00:00,THEFT,FROM BUILDING,RESIDENCE PORCH/HALLWAY,False,76,41.963738966,-87.83846882200001
2004,7,2004-07-27 15:43:00,MOTOR VEHICLE THEFT,THEFT/RECOVERY: AUTOMOBILE,PARKING LOT/GARAGE(NON.RESID.),True,76,41.976290414,-87.905227221
2004,7,2004-07-27 15:52:00,MOTOR VEHICLE THEFT,THEFT/RECOVERY: AUTOMOBILE,AIRPORT/AIRCRAFT,True,76,41.976290414,-87.905227221
2004,7,2004-07-23 20:00:00,BATTERY,SIMPLE,AIRPORT/AIRCRAFT,False,76,41.976290414,-87.905227221
2004,7,2004-07-21 05:37:00,THEFT,$500 AND UNDER,AIRPORT/AIRCRAFT,False,76,41.976290414,-87.905227221
2004,7,2004-07-25 23:20:00,BATTERY,SIMPLE,AIRPORT/AIRCRAFT,False,76,41.976290414,-87.905227221
2004,7,2004-07-25 21:30:00,THEFT,OVER $500,AIRPORT/AIRCRAFT,False,76,41.976290414,-87.905227221
2004,7,2004-07-24 12:30:00,CRIMINAL DAMAGE,TO PROPERTY,COMMERCIAL / BUSINESS OFFICE,False,76,41.973196731,-87.866943636
2004,7,2004-07-26 18:32:00,PUBLIC PEACE VIOLATION,RECKLESS CONDUCT,AIRPORT/AIRCRAFT,True,76,41.976290414,-87.905227221
2004,7,2004-07-26 18:46:00,BATTERY,AGGRAVATED PO: OTHER DANG WEAP,AIRPORT/AIRCRAFT,True,76,41.976290414,-87.905227221
2004,7,2004-07-27 23:00:00,BATTERY,DOMESTIC BATTERY SIMPLE,SIDEWALK,True,76,41.975122708,-87.843121077
2004,7,2004-07-27 07:30:00,THEFT,$500 AND UNDER,PARKING LOT/GARAGE(NON.RESID.),False,76,41.981015746,-87.842123304
2004,7,2004-07-29 02:00:00,THEFT,$500 AND UNDER,HOTEL/MOTEL,False,76,41.986989467,-87.840745861
2004,7,2004-07-24 09:55:00,NARCOTICS,POSS: CANNABIS 30GMS OR LESS,AIRPORT/AIRCRAFT,True,76,41.976290414,-87.905227221
2004,7,2004-07-30 10:00:00,CRIMINAL DAMAGE,TO VEHICLE,PARKING LOT/GARAGE(NON.RESID.),False,76,41.976290414,-87.905227221
2004,7,2004-07-29 22:30:00,BATTERY,DOMESTIC BATTERY SIMPLE,RESIDENCE,False,76,41.971443547,-87.846539801
2004,7,2004-07-29 20:05:00,BATTERY,SIMPLE,SIDEWALK,False,76,41.974383016,-87.84277003
2004,7,2004-07-30 18:50:00,DECEPTIVE PRACTICE,CREDIT CARD FRAUD,AIRPORT/AIRCRAFT,False,76,41.976290414,-87.905227221
2004,7,2004-07-30 11:00:00,BATTERY,DOMESTIC BATTERY SIMPLE,RESIDENCE,True,76,41.975122708,-87.843121077
2004,7,2004-07-30 08:00:00,THEFT,$500 AND UNDER,PARKING LOT/GARAGE(NON.RESID.),False,76,41.976290414,-87.905227221
2004,7,2004-07-25 06:00:00,THEFT,$500 AND UNDER,PARKING LOT/GARAGE(NON.RESID.),False,76,41.976290414,-87.905227221
2004,7,2004-07-02 20:30:00,THEFT,FROM BUILDING,AIRPORT/AIRCRAFT,True,76,41.976290414,-87.905227221
2004,7,2004-07-31 11:30:00,BATTERY,DOMESTIC BATTERY SIMPLE,RESIDENCE,False,76,41.975135951,-87.842367076
2004,7,2004-07-20 14:00:00,THEFT,OVER $500,AIRPORT/AIRCRAFT,False,76,41.976290414,-87.905227221
2004,7,2004-07-30 20:30:00,CRIMINAL DAMAGE,TO VEHICLE,OTHER,True,76,41.971775586,-87.846537272
2004,7,2004-07-31 23:20:00,BATTERY,SIMPLE,PARKING LOT/GARAGE(NON.RESID.),True,76,41.986989467,-87.840745861
2004,7,2004-07-27 15:43:00,MOTOR VEHICLE THEFT,AUTOMOBILE,AIRPORT/AIRCRAFT,False,76,41.976290414,-87.905227221
2004,7,2004-07-28 11:52:00,CRIMINAL TRESPASS,TO LAND,AIRPORT/AIRCRAFT,True,76,41.976290414,-87.905227221
2004,7,2004-07-31 06:00:00,MOTOR VEHICLE THEFT,"THEFT/RECOVERY: TRUCK,BUS,MHOME",STREET,False,76,41.979297566,-87.837583396
2004,7,2004-07-28 20:36:00,CRIMINAL DAMAGE,TO VEHICLE,AIRPORT/AIRCRAFT,False,76,41.976290414,-87.905227221
2004,7,2004-07-29 07:10:00,CRIMINAL TRESPASS,TO LAND,AIRPORT/AIRCRAFT,False,76,41.976290414,-87.905227221
2004,7,2004-07-29 09:00:00,CRIMINAL TRESPASS,TO LAND,AIRPORT/AIRCRAFT,False,76,41.976290414,-87.905227221
2004,7,2004-07-29 07:30:00,OTHER OFFENSE,HARASSMENT BY TELEPHONE,AIRPORT/AIRCRAFT,False,76,41.976290414,-87.905227221
2004,7,2004-07-28 22:00:00,THEFT,$500 AND UNDER,AIRPORT/AIRCRAFT,False,76,41.976290414,-87.905227221
2004,7,2004-07-29 09:00:00,THEFT,OVER $500,AIRPORT/AIRCRAFT,False,76,41.976290414,-87.905227221
2004,7,2004-07-29 10:00:00,THEFT,OVER $500,STREET,False,76,41.981040824000004,-87.84029151799999
2004,7,2004-07-30 18:00:00,THEFT,$500 AND UNDER,AIRPORT/AIRCRAFT,False,76,41.976290414,-87.905227221
2004,7,2004-07-31 18:30:00,THEFT,$500 AND UNDER,AIRPORT/AIRCRAFT,False,76,41.976290414,-87.905227221
2004,7,2004-07-31 12:00:00,THEFT,OVER $500,AIRPORT/AIRCRAFT,False,76,41.976290414,-87.905227221
2004,7,2004-07-16 12:00:00,MOTOR VEHICLE THEFT,THEFT/RECOVERY: AUTOMOBILE,AIRPORT/AIRCRAFT,True,76,41.976290414,-87.905227221
2004,7,2004-07-30 00:40:00,CRIMINAL TRESPASS,TO LAND,AIRPORT/AIRCRAFT,True,76,41.976290414,-87.905227221
2004,7,2004-07-30 10:45:00,OTHER OFFENSE,TELEPHONE THREAT,AIRPORT/AIRCRAFT,False,76,41.976290414,-87.905227221
2004,7,2004-07-30 20:30:00,BATTERY,SIMPLE,AIRPORT/AIRCRAFT,False,76,41.976290414,-87.905227221
2004,7,2004-07-24 12:55:00,NARCOTICS,POSS: CANNABIS 30GMS OR LESS,AIRPORT/AIRCRAFT,True,76,41.976290414,-87.905227221
2004,7,2004-07-21 10:30:00,THEFT,OVER $500,RESIDENCE-GARAGE,False,76,41.975167718,-87.84017500700001
2004,7,2004-07-30 06:30:00,THEFT,DELIVERY CONTAINER THEFT,AIRPORT/AIRCRAFT,False,76,41.976290414,-87.905227221
2004,7,2004-07-07 12:00:00,THEFT,FROM BUILDING,AIRPORT/AIRCRAFT,False,76,41.976290414,-87.905227221
2004,7,2004-07-14 12:11:00,MOTOR VEHICLE THEFT,AUTOMOBILE,AIRPORT/AIRCRAFT,False,76,41.976290414,-87.905227221
2004,7,2004-07-17 13:10:00,OTHER OFFENSE,OTHER VEHICLE OFFENSE,AIRPORT/AIRCRAFT,False,76,41.976290414,-87.905227221
2004,7,2004-07-30 15:30:00,BATTERY,DOMESTIC BATTERY SIMPLE,RESIDENCE,False,76,41.96374574,-87.838130495
2004,7,2004-07-01 14:00:00,DECEPTIVE PRACTICE,"THEFT BY LESSEE,MOTOR VEH",AIRPORT/AIRCRAFT,False,76,41.976290414,-87.905227221
2004,7,2004-07-10 15:35:00,DECEPTIVE PRACTICE,BOGUS CHECK,AIRPORT/AIRCRAFT,True,76,41.976290414,-87.905227221
2004,7,2004-07-16 00:00:00,THEFT,OVER $500,BANK,True,76,41.986930009,-87.84031964399999
2004,7,2004-07-01 08:00:00,MOTOR VEHICLE THEFT,AUTOMOBILE,AIRPORT/AIRCRAFT,False,76,41.976290414,-87.905227221
2004,7,2004-07-01 09:00:00,OTHER OFFENSE,HARASSMENT BY TELEPHONE,RESIDENCE,False,76,41.977609479,-87.846467101
2004,7,2004-07-23 18:00:00,THEFT,$500 AND UNDER,PARKING LOT/GARAGE(NON.RESID.),False,76,41.976290414,-87.905227221
2004,7,2004-07-10 17:30:00,THEFT,RETAIL THEFT,AIRPORT/AIRCRAFT,True,76,41.976290414,-87.905227221
2004,7,2004-07-03 19:50:00,THEFT,RETAIL THEFT,AIRPORT/AIRCRAFT,True,76,41.976290414,-87.905227221
2004,7,2004-07-16 13:30:00,THEFT,RETAIL THEFT,AIRPORT/AIRCRAFT,True,76,41.976290414,-87.905227221
2004,7,2004-07-27 15:30:00,THEFT,RETAIL THEFT,AIRPORT/AIRCRAFT,True,76,41.976290414,-87.905227221
2004,7,2004-07-22 00:01:00,THEFT,FINANCIAL ID THEFT: OVER $300,AIRPORT/AIRCRAFT,False,76,41.976290414,-87.905227221
2004,7,2004-07-26 18:45:00,THEFT,$500 AND UNDER,AIRPORT/AIRCRAFT,True,76,41.976290414,-87.905227221
2004,7,2004-07-24 00:52:00,DECEPTIVE PRACTICE,"THEFT BY LESSEE,MOTOR VEH",AIRPORT/AIRCRAFT,True,76,41.976290414,-87.905227221
2004,7,2004-07-22 22:00:00,BATTERY,SIMPLE,AIRPORT/AIRCRAFT,False,76,41.976290414,-87.905227221
2004,8,2004-08-01 21:00:00,OTHER OFFENSE,HARASSMENT BY TELEPHONE,RESIDENCE,False,76,41.971514895,-87.846539257
2004,8,2004-08-01 02:00:00,CRIMINAL TRESPASS,TO LAND,HOTEL/MOTEL,False,76,41.986989467,-87.840745861
2004,8,2004-08-03 17:00:00,BATTERY,SIMPLE,STREET,False,76,41.973797459000004,-87.841244692
2004,8,2004-08-01 14:25:00,NARCOTICS,POSS: CANNABIS 30GMS OR LESS,AIRPORT/AIRCRAFT,True,76,41.976290414,-87.905227221
2004,8,2004-08-03 12:00:00,OTHER OFFENSE,HARASSMENT BY TELEPHONE,OTHER,False,76,41.981109048,-87.83765393700001
2004,8,2004-08-03 20:00:00,ASSAULT,SIMPLE,RESIDENCE,False,76,41.978086970999996,-87.84646714200001
2004,8,2004-08-04 23:00:00,CRIMINAL DAMAGE,TO PROPERTY,RESIDENCE,False,76,41.976854099,-87.84243111
2004,8,2004-08-01 07:23:00,CRIMINAL TRESPASS,TO LAND,AIRPORT/AIRCRAFT,True,76,41.976290414,-87.905227221
2004,8,2004-08-05 22:00:00,THEFT,FROM BUILDING,AIRPORT/AIRCRAFT,False,76,41.976290414,-87.905227221
2004,8,2004-08-05 01:00:00,CRIMINAL DAMAGE,TO VEHICLE,OTHER,False,76,41.977848233,-87.84646896
2004,8,2004-08-05 21:30:00,ASSAULT,SIMPLE,DRIVEWAY - RESIDENTIAL,True,76,41.962197011,-87.841731057
2004,8,2004-08-02 12:30:00,THEFT,FROM BUILDING,AIRPORT/AIRCRAFT,False,76,41.976290414,-87.905227221
2004,8,2004-08-07 11:00:00,THEFT,$500 AND UNDER,CTA TRAIN,False,76,41.976290414,-87.905227221
2004,8,2004-08-02 18:00:00,THEFT,FROM BUILDING,COMMERCIAL / BUSINESS OFFICE,False,76,41.987384881,-87.843369092
2004,8,2004-08-07 01:00:00,THEFT,OVER $500,STREET,False,76,41.979304162,-87.837204532
2004,8,2004-08-08 11:00:00,ASSAULT,SIMPLE,RESIDENTIAL YARD (FRONT/BACK),False,76,41.976031021,-87.84247420700001
2004,8,2004-08-08 03:45:00,BATTERY,AGGRAVATED: OTHER DANG WEAPON,APARTMENT,False,76,41.978339634,-87.840084335
2004,8,2004-08-06 13:10:00,ASSAULT,SIMPLE,STREET,False,76,41.951014384000004,-87.83664462
2004,8,2004-08-05 21:45:00,OTHER OFFENSE,OTHER CRIME AGAINST PERSON,STREET,False,76,41.974338479000004,-87.84519753
2004,8,2004-08-07 11:30:00,BATTERY,DOMESTIC BATTERY SIMPLE,RESIDENCE,False,76,41.973774034,-87.84218262899999
2004,8,2004-08-11 00:00:00,CRIMINAL DAMAGE,TO VEHICLE,STREET,False,76,41.974229345,-87.84277121
2004,8,2004-08-10 10:45:00,THEFT,OVER $500,AIRPORT/AIRCRAFT,False,76,41.976290414,-87.905227221
2004,8,2004-08-11 08:40:00,THEFT,$500 AND UNDER,PARKING LOT/GARAGE(NON.RESID.),False,76,41.986989467,-87.840745861
2004,8,2004-08-09 03:15:00,BATTERY,AGGRAVATED: OTHER DANG WEAPON,RESIDENCE,False,76,41.971374944000004,-87.846540323
2004,8,2004-08-06 20:15:00,OTHER OFFENSE,HARASSMENT BY TELEPHONE,APARTMENT,False,76,41.977609479,-87.846467101
2004,8,2004-08-03 13:45:00,THEFT,POCKET-PICKING,AIRPORT/AIRCRAFT,False,76,41.976290414,-87.905227221
2004,8,2004-08-07 16:00:00,THEFT,FROM BUILDING,AIRPORT/AIRCRAFT,False,76,41.976290414,-87.905227221
2004,8,2004-08-08 14:00:00,THEFT,$500 AND UNDER,STREET,False,76,41.975140243,-87.842087549
2004,8,2004-08-10 11:54:54,OTHER OFFENSE,FIREARM REGISTRATION VIOLATION,RESIDENCE,True,76,41.963224421,-87.840700989
2004,8,2004-08-10 19:50:00,CRIMINAL TRESPASS,TO LAND,OTHER,False,76,41.973756152,-87.843135234
2004,8,2004-08-11 16:25:00,DECEPTIVE PRACTICE,THEFT OF LABOR/SERVICES,CTA GARAGE / OTHER PROPERTY,False,76,41.984622486,-87.836582104
2004,8,2004-08-12 09:20:00,BATTERY,DOMESTIC BATTERY SIMPLE,RESIDENCE,False,76,41.974943112,-87.84155214200001
2004,8,2004-08-13 18:30:00,THEFT,OVER $500,PARKING LOT/GARAGE(NON.RESID.),False,76,41.97855782,-87.836588785
2004,8,2004-08-13 16:30:00,THEFT,FROM BUILDING,AIRPORT/AIRCRAFT,False,76,41.976290414,-87.905227221
2004,8,2004-08-01 08:40:00,ASSAULT,SIMPLE,AIRPORT/AIRCRAFT,False,76,41.976290414,-87.905227221
2004,8,2004-08-02 19:00:00,CRIMINAL TRESPASS,TO LAND,AIRPORT/AIRCRAFT,True,76,41.976290414,-87.905227221
2004,8,2004-08-14 23:00:00,THEFT,$500 AND UNDER,STREET,False,76,41.97744068,-87.83971247
2004,8,2004-08-14 01:45:00,CRIMINAL DAMAGE,TO PROPERTY,COIN OPERATED MACHINE,True,76,41.977730236,-87.846469859
2004,8,2004-08-11 00:00:00,CRIMINAL DAMAGE,TO VEHICLE,PARKING LOT/GARAGE(NON.RESID.),False,76,41.977609479,-87.846467101
2004,8,2004-08-15 14:00:00,MOTOR VEHICLE THEFT,AUTOMOBILE,STREET,True,76,41.974152200000006,-87.84398537700001
2004,8,2004-08-14 17:30:00,BATTERY,SIMPLE,PARK PROPERTY,False,76,41.959491516,-87.83670012399999
2004,8,2004-08-15 21:00:00,CRIMINAL DAMAGE,CRIMINAL DEFACEMENT,RESIDENCE-GARAGE,False,76,41.96231989,-87.83839523600001
2004,8,2004-08-14 08:00:00,THEFT,FROM BUILDING,AIRPORT/AIRCRAFT,False,76,41.976290414,-87.905227221
2004,8,2004-08-15 12:00:00,CRIMINAL DAMAGE,TO VEHICLE,PARKING LOT/GARAGE(NON.RESID.),False,76,41.973736379,-87.84429011299999
2004,8,2004-08-17 05:00:00,OTHER OFFENSE,TELEPHONE THREAT,COMMERCIAL / BUSINESS OFFICE,True,76,41.981109048,-87.83765393700001
2004,8,2004-08-07 10:00:00,THEFT,FROM BUILDING,COMMERCIAL / BUSINESS OFFICE,False,76,41.981040824000004,-87.84029151799999
2004,8,2004-08-04 16:00:00,THEFT,$500 AND UNDER,STREET,False,76,41.976290414,-87.905227221
2004,8,2004-08-05 13:55:00,THEFT,$500 AND UNDER,AIRPORT/AIRCRAFT,False,76,41.976290414,-87.905227221
2004,8,2004-08-05 10:00:00,DECEPTIVE PRACTICE,"THEFT BY LESSEE,MOTOR VEH",AIRPORT/AIRCRAFT,True,76,41.976290414,-87.905227221
2004,8,2004-08-06 03:25:00,CRIMINAL TRESPASS,TO AIRPORT,AIRPORT/AIRCRAFT,True,76,41.976290414,-87.905227221
2004,8,2004-08-06 06:50:00,CRIMINAL TRESPASS,TO LAND,AIRPORT/AIRCRAFT,True,76,41.976290414,-87.905227221
2004,8,2004-08-07 08:20:00,CRIMINAL TRESPASS,TO LAND,AIRPORT/AIRCRAFT,True,76,41.976290414,-87.905227221
2004,8,2004-08-06 14:00:00,THEFT,$500 AND UNDER,AIRPORT/AIRCRAFT,False,76,41.976290414,-87.905227221
2004,8,2004-08-15 13:30:00,THEFT,$500 AND UNDER,PARKING LOT/GARAGE(NON.RESID.),False,76,41.976290414,-87.905227221
2004,8,2004-08-07 15:30:00,THEFT,$500 AND UNDER,AIRPORT/AIRCRAFT,False,76,41.976290414,-87.905227221
2004,8,2004-08-08 17:00:00,CRIMINAL DAMAGE,TO VEHICLE,AIRPORT/AIRCRAFT,False,76,41.976290414,-87.905227221
2004,8,2004-08-18 22:00:00,CRIMINAL DAMAGE,TO VEHICLE,OTHER,False,76,41.977730236,-87.846469859
2004,8,2004-08-15 17:00:00,THEFT,$500 AND UNDER,PARKING LOT/GARAGE(NON.RESID.),False,76,41.97855782,-87.836588785
2004,8,2004-08-18 14:25:00,CRIMINAL DAMAGE,CRIMINAL DEFACEMENT,APARTMENT,False,76,41.973753957,-87.84326396200001
2004,8,2004-08-13 06:05:00,ROBBERY,ATTEMPT: STRONGARM-NO WEAPON,CTA TRAIN,False,76,41.984622486,-87.836582104
2004,8,2004-08-08 08:37:00,CRIMINAL TRESPASS,TO LAND,AIRPORT/AIRCRAFT,True,76,41.976290414,-87.905227221
2004,8,2004-08-09 07:30:00,CRIMINAL TRESPASS,TO LAND,AIRPORT/AIRCRAFT,True,76,41.976290414,-87.905227221
2004,8,2004-08-18 23:00:00,OTHER OFFENSE,TELEPHONE THREAT,RESIDENCE,False,76,41.977730236,-87.846469859
2004,8,2004-08-17 07:00:00,THEFT,$500 AND UNDER,AIRPORT/AIRCRAFT,False,76,41.976290414,-87.905227221
2004,8,2004-08-20 01:15:00,BATTERY,AGGRAVATED:KNIFE/CUTTING INSTR,STREET,False,76,41.959491516,-87.83670012399999
2004,8,2004-08-11 10:20:00,DECEPTIVE PRACTICE,COUNTERFEITING DOCUMENT,AIRPORT/AIRCRAFT,False,76,41.976290414,-87.905227221
2004,8,2004-08-06 22:30:00,CRIMINAL TRESPASS,TO STATE SUP LAND,AIRPORT/AIRCRAFT,True,76,41.976290414,-87.905227221
2004,8,2004-08-05 12:00:00,DECEPTIVE PRACTICE,BOGUS CHECK,AIRPORT/AIRCRAFT,False,76,41.976290414,-87.905227221
2004,8,2004-08-10 06:00:00,CRIMINAL TRESPASS,TO LAND,AIRPORT/AIRCRAFT,True,76,41.976290414,-87.905227221
2004,8,2004-08-19 23:00:00,MOTOR VEHICLE THEFT,"CYCLE, SCOOTER, BIKE W-VIN",STREET,False,76,41.977968974,-87.84646804100001
2004,8,2004-08-11 17:15:00,THEFT,$500 AND UNDER,AIRPORT/AIRCRAFT,True,76,41.976290414,-87.905227221
2004,8,2004-08-09 14:00:00,CRIMINAL DAMAGE,TO VEHICLE,AIRPORT/AIRCRAFT,False,76,41.976290414,-87.905227221
2004,8,2004-08-12 18:00:00,PUBLIC PEACE VIOLATION,RECKLESS CONDUCT,AIRPORT/AIRCRAFT,True,76,41.976290414,-87.905227221
2004,8,2004-08-06 18:38:00,OTHER OFFENSE,OTHER VEHICLE OFFENSE,AIRPORT/AIRCRAFT,False,76,41.976290414,-87.905227221
2004,8,2004-08-21 14:00:00,CRIMINAL DAMAGE,TO VEHICLE,STREET,False,76,41.984622486,-87.836582104
2004,8,2004-08-21 23:30:00,THEFT,$500 AND UNDER,PARKING LOT/GARAGE(NON.RESID.),False,76,41.965720818,-87.83668484100001
2004,8,2004-08-14 17:00:00,PUBLIC PEACE VIOLATION,RECKLESS CONDUCT,AIRPORT/AIRCRAFT,True,76,41.976290414,-87.905227221
2004,8,2004-08-15 08:32:00,CRIMINAL TRESPASS,TO LAND,AIRPORT/AIRCRAFT,True,76,41.976290414,-87.905227221
2004,8,2004-08-14 06:00:00,CRIMINAL DAMAGE,TO VEHICLE,AIRPORT/AIRCRAFT,False,76,41.976290414,-87.905227221
2004,8,2004-08-14 05:00:00,CRIMINAL DAMAGE,TO VEHICLE,AIRPORT/AIRCRAFT,False,76,41.976290414,-87.905227221
2004,8,2004-08-13 08:45:00,BATTERY,SIMPLE,AIRPORT/AIRCRAFT,False,76,41.976290414,-87.905227221
2004,8,2004-08-16 23:45:00,CRIMINAL TRESPASS,TO AIRPORT,AIRPORT/AIRCRAFT,True,76,41.976290414,-87.905227221
2004,8,2004-08-18 22:00:00,CRIMINAL DAMAGE,TO VEHICLE,PARKING LOT/GARAGE(NON.RESID.),False,76,41.975100207,-87.844279679
2004,8,2004-08-21 19:20:00,CRIMINAL DAMAGE,TO PROPERTY,RESIDENCE,False,76,41.962317621,-87.838505558
2004,8,2004-08-17 05:45:00,CRIMINAL TRESPASS,TO LAND,AIRPORT/AIRCRAFT,True,76,41.976290414,-87.905227221
2004,8,2004-08-17 08:16:00,CRIMINAL TRESPASS,TO LAND,AIRPORT/AIRCRAFT,True,76,41.976290414,-87.905227221
2004,8,2004-08-18 06:44:00,CRIMINAL TRESPASS,TO LAND,AIRPORT/AIRCRAFT,True,76,41.976290414,-87.905227221
2004,8,2004-08-18 09:25:00,CRIMINAL DAMAGE,TO PROPERTY,AIRPORT/AIRCRAFT,False,76,41.976290414,-87.905227221
2004,8,2004-08-22 09:30:00,BATTERY,DOMESTIC BATTERY SIMPLE,APARTMENT,False,76,41.980153495,-87.84007033700001
2004,8,2004-08-18 23:00:00,CRIMINAL DAMAGE,TO PROPERTY,AIRPORT/AIRCRAFT,False,76,41.976290414,-87.905227221
2004,8,2004-08-19 20:20:00,WEAPONS VIOLATION,UNLAWFUL USE OTHER DANG WEAPON,AIRPORT/AIRCRAFT,True,76,41.976290414,-87.905227221
2004,8,2004-08-16 00:01:00,THEFT,OVER $500,AIRPORT/AIRCRAFT,False,76,41.976290414,-87.905227221
2004,8,2004-08-20 20:40:00,PUBLIC PEACE VIOLATION,OTHER VIOLATION,AIRPORT/AIRCRAFT,True,76,41.976290414,-87.905227221
2004,8,2004-08-21 06:20:00,BATTERY,SIMPLE,AIRPORT/AIRCRAFT,False,76,41.976290414,-87.905227221
2004,8,2004-08-21 09:00:00,CRIMINAL DAMAGE,TO PROPERTY,AIRPORT/AIRCRAFT,False,76,41.976290414,-87.905227221
2004,8,2004-08-21 16:30:00,CRIMINAL TRESPASS,TO STATE SUP LAND,AIRPORT/AIRCRAFT,True,76,41.976290414,-87.905227221
2004,8,2004-08-21 18:30:00,THEFT,OVER $500,AIRPORT/AIRCRAFT,True,76,41.976290414,-87.905227221
2004,8,2004-08-18 11:30:00,NARCOTICS,FOUND SUSPECT NARCOTICS,AIRPORT/AIRCRAFT,True,76,41.976290414,-87.905227221
2004,8,2004-08-03 16:30:00,THEFT,OVER $500,AIRPORT/AIRCRAFT,False,76,41.976290414,-87.905227221
2004,8,2004-08-12 16:30:00,THEFT,FROM BUILDING,AIRPORT/AIRCRAFT,False,76,41.976290414,-87.905227221
2004,8,2004-08-23 08:45:00,THEFT,OVER $500,PARKING LOT/GARAGE(NON.RESID.),False,76,41.97852489,-87.83658904100001
2004,8,2004-08-17 12:00:00,MOTOR VEHICLE THEFT,AUTOMOBILE,STREET,False,76,41.976290414,-87.905227221
2004,8,2004-08-22 08:32:00,CRIMINAL TRESPASS,TO LAND,AIRPORT/AIRCRAFT,True,76,41.976290414,-87.905227221
2004,8,2004-08-24 00:25:00,CRIMINAL TRESPASS,TO AIRPORT,AIRPORT/AIRCRAFT,True,76,41.976290414,-87.905227221
2004,8,2004-08-24 21:00:00,THEFT,FROM BUILDING,RESIDENCE,False,76,41.973769143,-87.842322411
2004,8,2004-08-24 08:08:00,CRIMINAL TRESPASS,TO LAND,AIRPORT/AIRCRAFT,True,76,41.976290414,-87.905227221
2004,8,2004-08-24 08:30:00,CRIMINAL TRESPASS,TO LAND,AIRPORT/AIRCRAFT,True,76,41.976290414,-87.905227221
2004,8,2004-08-24 14:45:00,CRIMINAL TRESPASS,TO LAND,AIRPORT/AIRCRAFT,True,76,41.976290414,-87.905227221
2004,8,2004-08-24 14:09:00,OTHER OFFENSE,TELEPHONE THREAT,AIRPORT/AIRCRAFT,False,76,41.976290414,-87.905227221
2004,8,2004-08-22 09:00:00,CRIMINAL DAMAGE,TO VEHICLE,AIRPORT/AIRCRAFT,False,76,41.976290414,-87.905227221
2004,8,2004-08-24 21:40:00,CRIMINAL TRESPASS,TO VEHICLE,AIRPORT/AIRCRAFT,True,76,41.976290414,-87.905227221
2004,8,2004-08-25 00:30:00,CRIMINAL TRESPASS,TO AIRPORT,AIRPORT/AIRCRAFT,True,76,41.976290414,-87.905227221
2004,8,2004-08-25 02:00:00,OTHER OFFENSE,HARASSMENT BY TELEPHONE,RESIDENCE,False,76,41.963687437,-87.841164388
2004,8,2004-08-17 12:38:19,NARCOTICS,POSS: CANNABIS 30GMS OR LESS,STREET,True,76,41.973979926,-87.841559551
2004,8,2004-08-23 21:45:00,CRIMINAL DAMAGE,TO VEHICLE,STREET,False,76,41.976663675,-87.841538905
2004,8,2004-08-14 18:40:00,NARCOTICS,POSS: COCAINE,AIRPORT/AIRCRAFT,True,76,41.976290414,-87.905227221
2004,8,2004-08-05 13:40:00,NARCOTICS,POSS: CANNABIS 30GMS OR LESS,STREET,True,76,41.966327647,-87.84897250899999
2004,8,2004-08-25 18:00:00,CRIMINAL DAMAGE,TO VEHICLE,STREET,False,76,41.974039393000005,-87.846497969
2004,8,2004-08-26 20:15:00,BATTERY,SIMPLE,SMALL RETAIL STORE,False,76,41.977968974,-87.84646804100001
2004,8,2004-08-26 01:30:00,THEFT,$500 AND UNDER,AIRPORT/AIRCRAFT,False,76,41.976290414,-87.905227221
2004,8,2004-08-23 14:15:00,THEFT,$500 AND UNDER,AIRPORT/AIRCRAFT,False,76,41.976290414,-87.905227221
2004,8,2004-08-25 08:00:00,CRIMINAL DAMAGE,TO PROPERTY,AIRPORT/AIRCRAFT,False,76,41.976290414,-87.905227221
2004,8,2004-08-27 17:10:00,SEX OFFENSE,PUBLIC INDECENCY,SIDEWALK,True,76,41.970192503,-87.83890795200001
2004,8,2004-08-27 06:45:00,THEFT,OVER $500,AIRPORT/AIRCRAFT,False,76,41.976290414,-87.905227221
2004,8,2004-08-28 09:00:00,THEFT,OVER $500,HOTEL/MOTEL,False,76,41.986989467,-87.840745861
2004,8,2004-08-27 20:53:00,CRIMINAL DAMAGE,TO VEHICLE,CTA GARAGE / OTHER PROPERTY,False,76,41.981480365,-87.83658078200001
2004,8,2004-08-28 17:16:00,CRIMINAL DAMAGE,TO VEHICLE,AIRPORT/AIRCRAFT,True,76,41.976290414,-87.905227221
2004,8,2004-08-29 03:30:00,THEFT,$500 AND UNDER,OTHER,True,76,41.97428362,-87.846496109
2004,8,2004-08-28 05:00:00,CRIMINAL DAMAGE,TO VEHICLE,AIRPORT/AIRCRAFT,False,76,41.976290414,-87.905227221
2004,8,2004-08-25 07:35:00,THEFT,$500 AND UNDER,AIRPORT/AIRCRAFT,False,76,41.976290414,-87.905227221
2004,8,2004-08-30 02:45:00,CRIMINAL TRESPASS,TO RESIDENCE,RESIDENCE,True,76,41.974214993000004,-87.845198473
2004,8,2004-08-29 21:02:00,CRIMINAL TRESPASS,TO STATE SUP LAND,AIRPORT/AIRCRAFT,True,76,41.976290414,-87.905227221
2004,8,2004-08-29 10:35:00,THEFT,POCKET-PICKING,AIRPORT/AIRCRAFT,False,76,41.976290414,-87.905227221
2004,8,2004-08-29 07:00:00,THEFT,$500 AND UNDER,AIRPORT/AIRCRAFT,False,76,41.976290414,-87.905227221
2004,8,2004-08-30 00:15:00,CRIMINAL TRESPASS,TO AIRPORT,AIRPORT/AIRCRAFT,True,76,41.976290414,-87.905227221
2004,8,2004-08-30 17:35:00,BATTERY,SIMPLE,SIDEWALK,False,76,41.975135557,-87.84227514
2004,8,2004-08-13 13:25:10,NARCOTICS,POSS: CANNABIS 30GMS OR LESS,STREET,True,76,41.972070462,-87.841037342
2004,8,2004-08-30 18:00:00,THEFT,$500 AND UNDER,AIRPORT/AIRCRAFT,False,76,41.976290414,-87.905227221
2004,8,2004-08-30 18:25:00,MOTOR VEHICLE THEFT,AUTOMOBILE,AIRPORT/AIRCRAFT,True,76,41.976290414,-87.905227221
2004,8,2004-08-29 02:00:00,BATTERY,DOMESTIC BATTERY SIMPLE,STREET,False,76,41.943364783,-87.83504256399999
2004,8,2004-08-27 16:00:00,THEFT,FROM BUILDING,AIRPORT/AIRCRAFT,False,76,41.976290414,-87.905227221
2004,8,2004-08-30 06:30:00,BATTERY,SIMPLE,AIRPORT/AIRCRAFT,False,76,41.976290414,-87.905227221
2004,8,2004-08-31 03:30:00,THEFT,$500 AND UNDER,AIRPORT/AIRCRAFT,False,76,41.976290414,-87.905227221
2004,8,2004-08-31 21:44:00,MOTOR VEHICLE THEFT,"THEFT/RECOVERY: TRUCK,BUS,MHOME",AIRPORT/AIRCRAFT,False,76,41.976290414,-87.905227221
2004,8,2004-08-31 15:45:00,THEFT,FROM BUILDING,AIRPORT/AIRCRAFT,False,76,41.976290414,-87.905227221
2004,8,2004-08-29 21:00:00,CRIMINAL DAMAGE,TO PROPERTY,AIRPORT/AIRCRAFT,False,76,41.976290414,-87.905227221
2004,8,2004-08-27 13:49:00,OTHER OFFENSE,HARASSMENT BY TELEPHONE,RESIDENCE,False,76,41.975862946,-87.83911785
2004,8,2004-08-25 07:45:00,NARCOTICS,POSS: CANNABIS 30GMS OR LESS,AIRPORT/AIRCRAFT,True,76,41.976290414,-87.905227221
2004,8,2004-08-31 21:15:00,MOTOR VEHICLE THEFT,AUTOMOBILE,AIRPORT/AIRCRAFT,False,76,41.976290414,-87.905227221
2004,8,2004-08-20 09:00:00,DECEPTIVE PRACTICE,BOGUS CHECK,STREET,False,76,41.970445927,-87.841046174
2004,8,2004-08-29 14:00:00,OTHER OFFENSE,TELEPHONE THREAT,RESIDENCE,False,76,41.974325685,-87.84155689200001
2004,8,2004-08-26 10:00:00,NARCOTICS,POSS: CANNABIS MORE THAN 30GMS,STREET,True,76,41.976290414,-87.905227221
2004,8,2004-08-24 16:00:00,THEFT,FROM BUILDING,AIRPORT/AIRCRAFT,False,76,41.976290414,-87.905227221
2004,8,2004-08-31 11:20:00,ASSAULT,AGGRAVATED: OTHER DANG WEAPON,RESIDENCE,False,76,41.975862946,-87.83911785
2004,8,2004-08-23 16:00:00,CRIMINAL TRESPASS,TO LAND,AIRPORT/AIRCRAFT,True,76,41.976290414,-87.905227221
2004,8,2004-08-24 10:00:00,THEFT,FROM BUILDING,AIRPORT/AIRCRAFT,False,76,41.976290414,-87.905227221
2004,8,2004-08-09 01:00:00,THEFT,OVER $500,AIRPORT/AIRCRAFT,False,76,41.976290414,-87.905227221
2004,8,2004-08-21 13:00:00,BATTERY,AGGRAVATED: OTHER DANG WEAPON,RESIDENCE,False,76,41.971374944000004,-87.846540323
2004,8,2004-08-12 16:00:00,BATTERY,SIMPLE,AIRPORT/AIRCRAFT,False,76,41.976290414,-87.905227221
2004,8,2004-08-29 00:01:00,THEFT,$500 AND UNDER,PARKING LOT/GARAGE(NON.RESID.),False,76,41.976290414,-87.905227221
2004,8,2004-08-09 12:45:00,THEFT,RETAIL THEFT,AIRPORT/AIRCRAFT,True,76,41.976290414,-87.905227221
2004,8,2004-08-11 08:15:00,THEFT,RETAIL THEFT,AIRPORT/AIRCRAFT,True,76,41.976290414,-87.905227221
2004,8,2004-08-03 07:20:00,DECEPTIVE PRACTICE,"THEFT BY LESSEE,MOTOR VEH",AIRPORT/AIRCRAFT,False,76,41.976290414,-87.905227221
2004,8,2004-08-28 00:40:00,NARCOTICS,MANU/DELIVER:COCAINE,RESIDENCE,True,76,41.963738966,-87.83846882200001
2004,8,2004-08-23 11:07:00,MOTOR VEHICLE THEFT,AUTOMOBILE,AIRPORT/AIRCRAFT,False,76,41.976290414,-87.905227221
2004,8,2004-08-19 12:00:00,DECEPTIVE PRACTICE,"THEFT BY LESSEE,MOTOR VEH",AIRPORT/AIRCRAFT,True,76,41.976290414,-87.905227221
2004,8,2004-08-27 21:27:38,NARCOTICS,MANU/DELIVER:COCAINE,RESIDENCE,True,76,41.963738966,-87.83846882200001
2004,8,2004-08-03 12:00:00,DECEPTIVE PRACTICE,"THEFT BY LESSEE,MOTOR VEH",AIRPORT/AIRCRAFT,True,76,41.976290414,-87.905227221
2004,8,2004-08-15 19:00:00,MOTOR VEHICLE THEFT,AUTOMOBILE,PARKING LOT/GARAGE(NON.RESID.),False,76,41.983030629,-87.882404127
2004,8,2004-08-09 13:09:00,DECEPTIVE PRACTICE,"THEFT BY LESSEE,MOTOR VEH",AIRPORT/AIRCRAFT,False,76,41.976290414,-87.905227221
2004,8,2004-08-21 17:01:00,DECEPTIVE PRACTICE,"THEFT BY LESSEE,MOTOR VEH",AIRPORT/AIRCRAFT,False,76,41.976290414,-87.905227221
2004,8,2004-08-08 12:00:00,DECEPTIVE PRACTICE,"THEFT BY LESSEE,MOTOR VEH",AIRPORT/AIRCRAFT,False,76,41.976290414,-87.905227221
2004,8,2004-08-09 07:00:00,BURGLARY,UNLAWFUL ENTRY,AIRPORT/AIRCRAFT,False,76,41.976290414,-87.905227221
2004,8,2004-08-31 12:00:00,MOTOR VEHICLE THEFT,AUTOMOBILE,COMMERCIAL / BUSINESS OFFICE,True,76,41.976290414,-87.905227221
2004,8,2004-08-31 06:00:00,DECEPTIVE PRACTICE,EMBEZZLEMENT,AIRPORT/AIRCRAFT,False,76,41.976290414,-87.905227221
2004,9,2004-09-01 17:00:00,THEFT,RETAIL THEFT,AIRPORT/AIRCRAFT,True,76,41.976290414,-87.905227221
2004,9,2004-09-01 08:00:00,DECEPTIVE PRACTICE,"THEFT BY LESSEE,MOTOR VEH",AIRPORT/AIRCRAFT,True,76,41.976290414,-87.905227221
2004,9,2004-09-02 21:00:00,THEFT,OVER $500,PARKING LOT/GARAGE(NON.RESID.),False,76,41.987384881,-87.843369092
2004,9,2004-09-02 17:30:00,ASSAULT,SIMPLE,STREET,False,76,41.973979926,-87.841559551
2004,9,2004-09-02 16:30:00,THEFT,$500 AND UNDER,AIRPORT/AIRCRAFT,False,76,41.976290414,-87.905227221
2004,9,2004-09-03 17:00:00,THEFT,FROM BUILDING,AIRPORT/AIRCRAFT,False,76,41.976290414,-87.905227221
2004,9,2004-09-01 12:00:00,THEFT,OVER $500,OTHER,False,76,41.973753957,-87.84326396200001
2004,9,2004-09-04 13:45:00,THEFT,FROM BUILDING,ATHLETIC CLUB,False,76,41.97855782,-87.836588785
2004,9,2004-09-03 12:00:00,THEFT,FROM BUILDING,BAR OR TAVERN,False,76,41.976290414,-87.905227221
2004,9,2004-09-03 22:40:00,CRIMINAL TRESPASS,TO AIRPORT,AIRPORT/AIRCRAFT,True,76,41.976290414,-87.905227221
2004,9,2004-09-03 18:00:00,ROBBERY,STRONGARM - NO WEAPON,AIRPORT/AIRCRAFT,False,76,41.976290414,-87.905227221
2004,9,2004-09-04 14:00:00,THEFT,OVER $500,OTHER,False,76,41.980974046,-87.844569423
2004,9,2004-09-04 19:20:00,ASSAULT,AGGRAVATED:KNIFE/CUTTING INSTR,STREET,False,76,41.97428362,-87.846496109
2004,9,2004-09-05 20:30:00,OTHER OFFENSE,OBSCENE TELEPHONE CALLS,APARTMENT,False,76,41.981049635,-87.839787578
2004,9,2004-09-02 07:30:00,OTHER OFFENSE,TELEPHONE THREAT,AIRPORT/AIRCRAFT,False,76,41.976290414,-87.905227221
2004,9,2004-09-05 12:00:00,MOTOR VEHICLE THEFT,AUTOMOBILE,OTHER,False,76,41.977464942,-87.837700585
2004,9,2004-09-05 21:00:00,OTHER OFFENSE,OTHER VEHICLE OFFENSE,STREET,False,76,41.974061322,-87.845199646
2004,9,2004-09-04 20:00:00,BATTERY,SIMPLE,AIRPORT/AIRCRAFT,True,76,41.976290414,-87.905227221
2004,9,2004-09-05 18:10:00,OTHER OFFENSE,FALSE/STOLEN/ALTERED TRP,AIRPORT/AIRCRAFT,False,76,41.976290414,-87.905227221
2004,9,2004-09-05 14:00:00,THEFT,$500 AND UNDER,AIRPORT/AIRCRAFT,False,76,41.976290414,-87.905227221
2004,9,2004-09-05 14:00:00,THEFT,$500 AND UNDER,AIRPORT/AIRCRAFT,False,76,41.976290414,-87.905227221
2004,9,2004-09-06 04:00:00,BATTERY,DOMESTIC BATTERY SIMPLE,APARTMENT,False,76,41.97602679,-87.84276844799999
2004,9,2004-09-07 03:00:00,THEFT,FROM BUILDING,AIRPORT/AIRCRAFT,False,76,41.976290414,-87.905227221
2004,9,2004-09-05 12:45:00,CRIMINAL DAMAGE,TO CITY OF CHICAGO PROPERTY,AIRPORT/AIRCRAFT,True,76,41.976290414,-87.905227221
2004,9,2004-09-06 23:50:00,CRIMINAL DAMAGE,TO PROPERTY,APARTMENT,True,76,41.976854005,-87.842409045
2004,9,2004-09-08 17:30:00,CRIMINAL DAMAGE,TO VEHICLE,STREET,False,76,41.952600665,-87.836672743
2004,9,2004-09-07 14:30:00,THEFT,RETAIL THEFT,AIRPORT/AIRCRAFT,False,76,41.976290414,-87.905227221
2004,9,2004-09-06 03:00:00,THEFT,$500 AND UNDER,AIRPORT/AIRCRAFT,False,76,41.976290414,-87.905227221
2004,9,2004-09-08 00:40:00,CRIMINAL TRESPASS,TO AIRPORT,AIRPORT/AIRCRAFT,True,76,41.976290414,-87.905227221
2004,9,2004-09-08 10:00:00,THEFT,OVER $500,PARKING LOT/GARAGE(NON.RESID.),False,76,41.980958608,-87.845455914
2004,9,2004-09-03 21:00:00,THEFT,FROM BUILDING,AIRPORT/AIRCRAFT,False,76,41.976290414,-87.905227221
2004,9,2004-09-02 16:00:00,THEFT,OVER $500,AIRPORT/AIRCRAFT,False,76,41.976290414,-87.905227221
2004,9,2004-09-07 08:45:00,THEFT,OVER $500,AIRPORT/AIRCRAFT,False,76,41.976290414,-87.905227221
2004,9,2004-09-10 12:30:00,THEFT,FROM BUILDING,AIRPORT/AIRCRAFT,False,76,41.976290414,-87.905227221
2004,9,2004-09-11 17:30:00,BATTERY,SIMPLE,STREET,False,76,41.95852,-87.836685608
2004,9,2004-09-08 13:50:00,CRIMINAL DAMAGE,TO CITY OF CHICAGO PROPERTY,AIRPORT/AIRCRAFT,True,76,41.976290414,-87.905227221
2004,9,2004-09-09 17:30:00,THEFT,POCKET-PICKING,AIRPORT/AIRCRAFT,False,76,41.976290414,-87.905227221
2004,9,2004-09-10 00:05:00,CRIMINAL TRESPASS,TO AIRPORT,AIRPORT/AIRCRAFT,True,76,41.976290414,-87.905227221
2004,9,2004-09-10 06:00:00,CRIMINAL TRESPASS,TO LAND,AIRPORT/AIRCRAFT,True,76,41.976290414,-87.905227221
2004,9,2004-09-10 02:00:00,THEFT,$500 AND UNDER,AIRPORT/AIRCRAFT,False,76,41.976290414,-87.905227221
2004,9,2004-09-12 07:00:00,THEFT,PURSE-SNATCHING,APARTMENT,False,76,41.977848233,-87.84646896
2004,9,2004-09-10 07:00:00,THEFT,$500 AND UNDER,STREET,False,76,41.97834173,-87.839933531
2004,9,2004-09-12 02:20:00,ASSAULT,SIMPLE,APARTMENT,False,76,41.971374944000004,-87.846540323
2004,9,2004-09-11 19:35:00,ASSAULT,AGGRAVATED: OTHER DANG WEAPON,STREET,True,76,41.971374944000004,-87.846540323
2004,9,2004-09-13 11:00:00,THEFT,OVER $500,AIRPORT/AIRCRAFT,False,76,41.976290414,-87.905227221
2004,9,2004-09-10 09:15:00,THEFT,OVER $500,AIRPORT/AIRCRAFT,False,76,41.976290414,-87.905227221
2004,9,2004-09-12 00:30:00,THEFT,OVER $500,PARKING LOT/GARAGE(NON.RESID.),False,76,41.976290414,-87.905227221
2004,9,2004-09-12 13:00:00,ASSAULT,SIMPLE,AIRPORT/AIRCRAFT,False,76,41.976290414,-87.905227221
2004,9,2004-09-13 19:00:00,THEFT,OVER $500,PARKING LOT/GARAGE(NON.RESID.),False,76,41.987367883000005,-87.843244162
2004,9,2004-09-13 01:00:00,THEFT,FROM BUILDING,AIRPORT/AIRCRAFT,False,76,41.976290414,-87.905227221
2004,9,2004-09-13 20:00:00,BURGLARY,FORCIBLE ENTRY,RESIDENCE,False,76,41.97428362,-87.846496109
2004,9,2004-09-15 01:15:00,CRIMINAL DAMAGE,TO PROPERTY,STREET,False,76,41.971550568000005,-87.846538986
2004,9,2004-09-16 00:00:00,THEFT,OVER $500,STREET,False,76,41.977464942,-87.837700585
2004,9,2004-09-15 20:35:00,THEFT,RETAIL THEFT,DRUG STORE,False,76,41.965720818,-87.83668484100001
2004,9,2004-09-16 10:30:00,THEFT,OVER $500,STREET,False,76,41.986930009,-87.84031964399999
2004,9,2004-09-14 15:30:00,THEFT,$500 AND UNDER,ATHLETIC CLUB,False,76,41.97855782,-87.836588785
2004,9,2004-09-16 00:00:00,THEFT,OVER $500,"SCHOOL, PUBLIC, BUILDING",False,76,41.981104464,-87.837863613
2004,9,2004-09-14 15:20:00,MOTOR VEHICLE THEFT,AUTOMOBILE,AIRPORT/AIRCRAFT,False,76,41.976290414,-87.905227221
2004,9,2004-09-14 06:10:00,CRIMINAL TRESPASS,TO STATE SUP LAND,AIRPORT/AIRCRAFT,True,76,41.976290414,-87.905227221
2004,9,2004-09-14 19:50:00,CRIMINAL TRESPASS,TO LAND,AIRPORT/AIRCRAFT,True,76,41.976290414,-87.905227221
2004,9,2004-09-16 22:50:43,BATTERY,SIMPLE,OTHER,True,76,41.971374944000004,-87.846540323
2004,9,2004-09-17 08:30:00,DECEPTIVE PRACTICE,CREDIT CARD FRAUD,AIRPORT/AIRCRAFT,True,76,41.976290414,-87.905227221
2004,9,2004-09-16 12:00:00,DECEPTIVE PRACTICE,CREDIT CARD FRAUD,AIRPORT/AIRCRAFT,True,76,41.976290414,-87.905227221
2004,9,2004-09-16 12:00:00,DECEPTIVE PRACTICE,CREDIT CARD FRAUD,AIRPORT/AIRCRAFT,True,76,41.976290414,-87.905227221
2004,9,2004-09-16 12:30:00,THEFT,OVER $500,AIRPORT/AIRCRAFT,False,76,41.976290414,-87.905227221
2004,9,2004-09-07 18:00:00,CRIMINAL DAMAGE,TO VEHICLE,AIRPORT/AIRCRAFT,False,76,41.976290414,-87.905227221
2004,9,2004-09-16 09:45:00,ASSAULT,AGGRAVATED: HANDGUN,AIRPORT/AIRCRAFT,False,76,41.976290414,-87.905227221
2004,9,2004-09-16 09:00:00,BATTERY,SIMPLE,AIRPORT/AIRCRAFT,False,76,41.976290414,-87.905227221
2004,9,2004-09-16 19:54:00,DECEPTIVE PRACTICE,THEFT OF LABOR/SERVICES,AIRPORT/AIRCRAFT,False,76,41.976290414,-87.905227221
2004,9,2004-09-17 09:50:00,OTHER OFFENSE,HARASSMENT BY TELEPHONE,AIRPORT/AIRCRAFT,False,76,41.976290414,-87.905227221
2004,9,2004-09-04 09:00:00,THEFT,OVER $500,PARKING LOT/GARAGE(NON.RESID.),False,76,41.976290414,-87.905227221
2004,9,2004-09-18 00:30:00,CRIMINAL TRESPASS,TO AIRPORT,AIRPORT/AIRCRAFT,True,76,41.976290414,-87.905227221
2004,9,2004-09-17 14:25:00,THEFT,POCKET-PICKING,AIRPORT/AIRCRAFT,False,76,41.976290414,-87.905227221
2004,9,2004-09-20 02:20:00,BATTERY,DOMESTIC BATTERY SIMPLE,RESIDENCE,True,76,41.978346459,-87.839756963
2004,9,2004-09-19 21:00:00,THEFT,$500 AND UNDER,OTHER,False,76,41.977848233,-87.84646896
2004,9,2004-09-20 18:30:00,CRIMINAL DAMAGE,TO VEHICLE,STREET,False,76,41.971846918000004,-87.84653305200001
2004,9,2004-09-11 17:30:00,THEFT,OVER $500,AIRPORT/AIRCRAFT,False,76,41.976290414,-87.905227221
2004,9,2004-09-18 07:45:00,CRIMINAL TRESPASS,TO LAND,AIRPORT/AIRCRAFT,True,76,41.976290414,-87.905227221
2004,9,2004-09-18 15:30:00,CRIMINAL TRESPASS,TO AIRPORT,AIRPORT/AIRCRAFT,True,76,41.976290414,-87.905227221
2004,9,2004-09-10 13:30:00,MOTOR VEHICLE THEFT,ATT: AUTOMOBILE,AIRPORT/AIRCRAFT,False,76,41.976290414,-87.905227221
2004,9,2004-09-16 23:53:00,DECEPTIVE PRACTICE,CREDIT CARD FRAUD,ATM (AUTOMATIC TELLER MACHINE),False,76,41.977848233,-87.84646896
2004,9,2004-09-18 07:10:02,SEX OFFENSE,PUBLIC INDECENCY,STREET,False,76,41.975162972,-87.840347889
2004,9,2004-09-21 16:00:00,THEFT,FROM BUILDING,AIRPORT/AIRCRAFT,False,76,41.976290414,-87.905227221
2004,9,2004-09-17 22:30:00,THEFT,$500 AND UNDER,AIRPORT/AIRCRAFT,True,76,41.976290414,-87.905227221
2004,9,2004-09-18 12:07:00,WEAPONS VIOLATION,UNLAWFUL POSS OF HANDGUN,AIRPORT/AIRCRAFT,True,76,41.976290414,-87.905227221
2004,9,2004-09-22 12:15:00,THEFT,FROM BUILDING,COMMERCIAL / BUSINESS OFFICE,False,76,41.98734814,-87.84311925200001
2004,9,2004-09-21 18:50:00,THEFT,FROM BUILDING,AIRPORT/AIRCRAFT,True,76,41.976290414,-87.905227221
2004,9,2004-09-21 17:30:00,THEFT,OVER $500,AIRPORT/AIRCRAFT,False,76,41.976290414,-87.905227221
2004,9,2004-09-22 15:00:00,CRIMINAL TRESPASS,TO AIRPORT,AIRPORT/AIRCRAFT,False,76,41.976290414,-87.905227221
2004,9,2004-09-23 00:00:00,CRIMINAL DAMAGE,TO VEHICLE,STREET,False,76,41.974174463000004,-87.842771631
2004,9,2004-09-17 20:30:00,MOTOR VEHICLE THEFT,AUTOMOBILE,PARKING LOT/GARAGE(NON.RESID.),False,76,41.97852489,-87.83658904100001
2004,9,2004-09-11 13:45:00,NARCOTICS,POSS: CANNABIS 30GMS OR LESS,AIRPORT/AIRCRAFT,True,76,41.976290414,-87.905227221
2004,9,2004-09-23 21:05:00,OTHER OFFENSE,HARASSMENT BY TELEPHONE,RESIDENCE,False,76,41.977609479,-87.846467101
2004,9,2004-09-24 15:30:00,CRIMINAL DAMAGE,TO VEHICLE,STREET,False,76,41.977730236,-87.846469859
2004,9,2004-09-24 12:14:42,BURGLARY,UNLAWFUL ENTRY,COMMERCIAL / BUSINESS OFFICE,False,76,41.981106764,-87.83776061399999
2004,9,2004-09-22 18:40:00,THEFT,OVER $500,HOTEL/MOTEL,False,76,41.976290414,-87.905227221
2004,9,2004-09-22 17:35:00,THEFT,OVER $500,AIRPORT/AIRCRAFT,False,76,41.976290414,-87.905227221
2004,9,2004-09-22 21:00:00,THEFT,$500 AND UNDER,AIRPORT/AIRCRAFT,False,76,41.976290414,-87.905227221
2004,9,2004-09-07 17:30:00,THEFT,OVER $500,AIRPORT/AIRCRAFT,True,76,41.976290414,-87.905227221
2004,9,2004-09-24 01:10:00,CRIMINAL TRESPASS,TO AIRPORT,AIRPORT/AIRCRAFT,True,76,41.976290414,-87.905227221
2004,9,2004-09-10 20:01:00,ASSAULT,SIMPLE,APARTMENT,True,76,41.971374944000004,-87.846540323
2004,9,2004-09-25 22:15:00,CRIMINAL DAMAGE,TO VEHICLE,PARKING LOT/GARAGE(NON.RESID.),False,76,41.986989467,-87.840745861
2004,9,2004-09-26 04:00:00,BATTERY,SIMPLE,AIRPORT/AIRCRAFT,False,76,41.976290414,-87.905227221
2004,9,2004-09-25 09:00:00,THEFT,FROM BUILDING,HOTEL/MOTEL,False,76,41.986989467,-87.840745861
2004,9,2004-09-25 00:30:00,BATTERY,DOMESTIC BATTERY SIMPLE,STREET,False,76,41.980153384,-87.84004459299999
2004,9,2004-09-25 17:00:00,ASSAULT,SIMPLE,AIRPORT/AIRCRAFT,False,76,41.976290414,-87.905227221
2004,9,2004-09-26 22:00:00,THEFT,FROM BUILDING,AIRPORT/AIRCRAFT,False,76,41.976290414,-87.905227221
2004,9,2004-09-26 12:30:00,DECEPTIVE PRACTICE,CREDIT CARD FRAUD,AIRPORT/AIRCRAFT,False,76,41.976290414,-87.905227221
2004,9,2004-09-27 16:30:00,MOTOR VEHICLE THEFT,"CYCLE, SCOOTER, BIKE W-VIN",STREET,False,76,41.977465621,-87.83722248
2004,9,2004-09-21 18:50:00,THEFT,FROM BUILDING,AIRPORT/AIRCRAFT,True,76,41.976290414,-87.905227221
2004,9,2004-09-25 00:30:00,CRIMINAL TRESPASS,TO AIRPORT,AIRPORT/AIRCRAFT,True,76,41.976290414,-87.905227221
2004,9,2004-09-26 08:15:00,CRIMINAL TRESPASS,TO LAND,AIRPORT/AIRCRAFT,False,76,41.976290414,-87.905227221
2004,9,2004-09-26 08:30:00,OTHER OFFENSE,OTHER VEHICLE OFFENSE,PARKING LOT/GARAGE(NON.RESID.),False,76,41.971410618,-87.846540051
2004,9,2004-09-27 07:00:00,THEFT,FROM BUILDING,COMMERCIAL / BUSINESS OFFICE,False,76,41.981109048,-87.83765393700001
2004,9,2004-09-12 07:15:00,NARCOTICS,FOUND SUSPECT NARCOTICS,AIRPORT/AIRCRAFT,True,76,41.976290414,-87.905227221
2004,9,2004-09-25 05:00:00,THEFT,$500 AND UNDER,RESIDENCE,False,76,41.973810875,-87.839894953
2004,9,2004-09-26 18:30:00,THEFT,$500 AND UNDER,AIRPORT/AIRCRAFT,False,76,41.976290414,-87.905227221
2004,9,2004-09-25 13:00:00,BURGLARY,UNLAWFUL ENTRY,RESIDENCE,False,76,41.963858474,-87.845876869
2004,9,2004-09-01 10:45:00,THEFT,FROM BUILDING,AIRPORT/AIRCRAFT,False,76,41.976290414,-87.905227221
2004,9,2004-09-25 06:00:00,OTHER OFFENSE,HARASSMENT BY TELEPHONE,AIRPORT/AIRCRAFT,False,76,41.976290414,-87.905227221
2004,9,2004-09-26 15:20:00,OFFENSE INVOLVING CHILDREN,CHILD ABUSE,APARTMENT,True,76,41.97602679,-87.84276844799999
2004,9,2004-09-17 00:15:00,NARCOTICS,POSS: CANNABIS 30GMS OR LESS,STREET,True,76,41.977105493,-87.841539183
2004,9,2004-09-28 18:45:00,BATTERY,SIMPLE,STREET,False,76,41.984622486,-87.836582104
2004,9,2004-09-29 22:00:00,THEFT,$500 AND UNDER,AIRPORT/AIRCRAFT,False,76,41.976290414,-87.905227221
2004,9,2004-09-22 15:30:00,THEFT,$500 AND UNDER,AIRPORT/AIRCRAFT,False,76,41.976290414,-87.905227221
2004,9,2004-09-29 13:55:00,THEFT,$500 AND UNDER,AIRPORT/AIRCRAFT,False,76,41.976290414,-87.905227221
2004,9,2004-09-23 09:00:00,THEFT,OVER $500,PARKING LOT/GARAGE(NON.RESID.),False,76,41.984622486,-87.836582104
2004,9,2004-09-30 22:50:00,ASSAULT,AGGRAVATED: HANDGUN,RESIDENCE,True,76,41.977464942,-87.837700585
2004,9,2004-09-20 12:00:00,THEFT,$500 AND UNDER,AIRPORT/AIRCRAFT,False,76,41.976290414,-87.905227221
2004,9,2004-09-30 05:50:00,INTERFERENCE WITH PUBLIC OFFICER,RESIST/OBSTRUCT/DISARM OFFICER,AIRPORT/AIRCRAFT,True,76,41.976290414,-87.905227221
2004,9,2004-09-30 11:00:00,THEFT,$500 AND UNDER,PARKING LOT/GARAGE(NON.RESID.),False,76,41.976290414,-87.905227221
2004,9,2004-09-20 12:00:00,DECEPTIVE PRACTICE,COUNTERFEITING DOCUMENT,AIRPORT/AIRCRAFT,False,76,41.976290414,-87.905227221
2004,9,2004-09-29 14:15:00,DECEPTIVE PRACTICE,COUNTERFEITING DOCUMENT,AIRPORT/AIRCRAFT,False,76,41.976290414,-87.905227221
2004,9,2004-09-28 20:40:00,STALKING,SIMPLE,CTA PLATFORM,False,76,41.976290414,-87.905227221
2004,9,2004-09-24 06:30:00,NARCOTICS,POSS: AMPHETAMINES,AIRPORT/AIRCRAFT,True,76,41.976290414,-87.905227221
2004,9,2004-09-16 05:29:00,NARCOTICS,POSS: COCAINE,ALLEY,True,76,41.976290414,-87.905227221
2004,9,2004-09-23 21:30:00,OTHER OFFENSE,TELEPHONE THREAT,APARTMENT,False,76,41.978086970999996,-87.84646714200001
2004,9,2004-09-29 16:00:00,THEFT,OVER $500,AIRPORT/AIRCRAFT,False,76,41.976290414,-87.905227221
2004,9,2004-09-17 18:35:00,NARCOTICS,POSS: CANNABIS 30GMS OR LESS,AIRPORT/AIRCRAFT,True,76,41.976290414,-87.905227221
2004,9,2004-09-24 15:45:00,THEFT,FROM BUILDING,AIRPORT/AIRCRAFT,False,76,41.976290414,-87.905227221
2004,9,2004-09-29 00:01:00,THEFT,$500 AND UNDER,AIRPORT/AIRCRAFT,False,76,41.976290414,-87.905227221
2004,9,2004-09-06 21:00:00,BURGLARY,FORCIBLE ENTRY,COMMERCIAL / BUSINESS OFFICE,False,76,41.981013426,-87.842222625
2004,9,2004-09-28 09:00:00,THEFT,FROM BUILDING,AIRPORT/AIRCRAFT,False,76,41.976290414,-87.905227221
2004,9,2004-09-27 17:45:00,NARCOTICS,POSS: CANNABIS 30GMS OR LESS,AIRPORT/AIRCRAFT,True,76,41.976290414,-87.905227221
2004,9,2004-09-27 12:00:00,OTHER OFFENSE,HARASSMENT BY TELEPHONE,AIRPORT/AIRCRAFT,False,76,41.976290414,-87.905227221
2004,9,2004-09-11 16:46:41,LIQUOR LAW VIOLATION,ILLEGAL CONSUMPTION BY MINOR,STREET,True,76,41.971374944000004,-87.846540323
2004,9,2004-09-02 15:00:00,DECEPTIVE PRACTICE,"THEFT BY LESSEE,MOTOR VEH",AIRPORT/AIRCRAFT,True,76,41.976290414,-87.905227221
2004,9,2004-09-30 17:45:00,DECEPTIVE PRACTICE,"THEFT BY LESSEE,MOTOR VEH",AIRPORT/AIRCRAFT,False,76,41.976290414,-87.905227221
2004,9,2004-09-30 19:30:00,NARCOTICS,POSS: COCAINE,AIRPORT/AIRCRAFT,True,76,41.976290414,-87.905227221
2004,9,2004-09-08 07:00:00,NARCOTICS,POSS: CANNABIS MORE THAN 30GMS,OTHER,True,76,41.976290414,-87.905227221
2004,9,2004-09-22 16:50:00,NARCOTICS,POSS: CANNABIS 30GMS OR LESS,SIDEWALK,True,76,41.975890603,-87.83662422299999
2004,9,2004-09-22 10:00:00,DECEPTIVE PRACTICE,"THEFT BY LESSEE,MOTOR VEH",AIRPORT/AIRCRAFT,False,76,41.976290414,-87.905227221
2004,9,2004-09-13 13:10:00,DECEPTIVE PRACTICE,"THEFT BY LESSEE,MOTOR VEH",AIRPORT/AIRCRAFT,False,76,41.976290414,-87.905227221
2004,9,2004-09-13 14:30:00,DECEPTIVE PRACTICE,"THEFT BY LESSEE,MOTOR VEH",AIRPORT/AIRCRAFT,False,76,41.976290414,-87.905227221
2004,9,2004-09-08 09:00:00,DECEPTIVE PRACTICE,"THEFT BY LESSEE,MOTOR VEH",AIRPORT/AIRCRAFT,False,76,41.976290414,-87.905227221
2004,9,2004-09-17 14:00:00,THEFT,FROM BUILDING,AIRPORT/AIRCRAFT,False,76,41.976290414,-87.905227221
2004,9,2004-09-20 18:00:00,DECEPTIVE PRACTICE,FRAUD OR CONFIDENCE GAME,RESIDENCE,False,76,41.977730236,-87.846469859
2004,9,2004-09-18 10:50:00,NARCOTICS,POSS: HEROIN(WHITE),STREET,True,76,41.976290414,-87.905227221
2004,9,2004-09-27 10:00:00,DECEPTIVE PRACTICE,"THEFT BY LESSEE,MOTOR VEH",AIRPORT/AIRCRAFT,False,76,41.976290414,-87.905227221
2004,9,2004-09-27 00:01:00,MOTOR VEHICLE THEFT,THEFT/RECOVERY: AUTOMOBILE,PARKING LOT/GARAGE(NON.RESID.),False,76,41.976290414,-87.905227221
2004,9,2004-09-30 14:18:00,MOTOR VEHICLE THEFT,AUTOMOBILE,AIRPORT/AIRCRAFT,False,76,41.976290414,-87.905227221
2004,9,2004-09-19 00:01:00,THEFT,OVER $500,AIRPORT/AIRCRAFT,False,76,41.976290414,-87.905227221
2004,10,2004-10-27 00:01:00,THEFT,FINANCIAL ID THEFT: OVER $300,PARKING LOT/GARAGE(NON.RESID.),False,76,,
2004,10,2004-10-08 21:15:00,DECEPTIVE PRACTICE,"THEFT BY LESSEE,MOTOR VEH",AIRPORT/AIRCRAFT,True,76,,
2004,10,2004-10-04 09:00:00,THEFT,FROM BUILDING,AIRPORT/AIRCRAFT,False,76,,
2004,10,2004-10-01 18:15:00,BATTERY,SIMPLE,AIRPORT/AIRCRAFT,False,76,41.976290414,-87.905227221
2004,10,2004-10-01 09:00:00,BURGLARY,FORCIBLE ENTRY,RESIDENCE,False,76,41.977968974,-87.84646804100001
2004,10,2004-10-01 21:10:00,BATTERY,SIMPLE,STREET,False,76,41.976290414,-87.905227221
2004,10,2004-10-02 03:00:00,THEFT,$500 AND UNDER,PARKING LOT/GARAGE(NON.RESID.),False,76,41.975316866,-87.83912207200001
2004,10,2004-10-04 02:30:00,CRIMINAL DAMAGE,TO PROPERTY,APARTMENT,False,76,41.977609479,-87.846467101
2004,10,2004-10-01 15:00:00,ASSAULT,SIMPLE,RESTAURANT,False,76,41.976290414,-87.905227221
2004,10,2004-10-04 17:00:00,THEFT,FROM BUILDING,APARTMENT,False,76,41.973756056999996,-87.84311316899999
2004,10,2004-10-04 12:11:00,WEAPONS VIOLATION,UNLAWFUL POSS OF HANDGUN,AIRPORT/AIRCRAFT,True,76,41.976290414,-87.905227221
2004,10,2004-10-02 08:05:00,CRIMINAL TRESPASS,TO LAND,AIRPORT/AIRCRAFT,True,76,41.976290414,-87.905227221
2004,10,2004-10-05 01:00:00,THEFT,$500 AND UNDER,STREET,False,76,41.970388068000005,-87.838439425
2004,10,2004-10-05 08:00:00,CRIMINAL TRESPASS,TO LAND,AIRPORT/AIRCRAFT,True,76,41.976290414,-87.905227221
2004,10,2004-10-05 20:00:00,BATTERY,SIMPLE,PARKING LOT/GARAGE(NON.RESID.),False,76,41.973756056999996,-87.84311316899999
2004,10,2004-10-04 06:10:00,CRIMINAL TRESPASS,TO LAND,AIRPORT/AIRCRAFT,True,76,41.976290414,-87.905227221
2004,10,2004-10-04 23:15:00,DECEPTIVE PRACTICE,THEFT OF LABOR/SERVICES,HOTEL/MOTEL,True,76,41.976290414,-87.905227221
2004,10,2004-10-05 06:45:00,BATTERY,SIMPLE,AIRPORT/AIRCRAFT,True,76,41.976290414,-87.905227221
2004,10,2004-10-06 15:30:00,OTHER OFFENSE,TELEPHONE THREAT,RESIDENCE,False,76,41.981045222,-87.840037709
2004,10,2004-10-05 18:30:00,THEFT,OVER $500,AIRPORT/AIRCRAFT,True,76,41.976290414,-87.905227221
2004,10,2004-10-03 23:21:00,DECEPTIVE PRACTICE,IMPERSONATION,STREET,True,76,41.952262295,-87.840300145
2004,10,2004-10-06 17:00:00,CRIMINAL DAMAGE,TO PROPERTY,RESIDENCE-GARAGE,False,76,41.974383016,-87.84277003
2004,10,2004-10-06 17:05:00,CRIMINAL DAMAGE,TO VEHICLE,STREET,False,76,41.975137908,-87.84218318299999
2004,10,2004-10-06 23:58:00,OTHER OFFENSE,OBSCENE TELEPHONE CALLS,RESIDENCE,False,76,41.974355574,-87.84277024100001
2004,10,2004-10-01 17:00:00,THEFT,OVER $500,AIRPORT/AIRCRAFT,False,76,41.976290414,-87.905227221
2004,10,2004-10-07 08:30:00,THEFT,OVER $500,PARKING LOT/GARAGE(NON.RESID.),False,76,41.986989467,-87.840745861
2004,10,2004-10-05 21:30:00,THEFT,$500 AND UNDER,AIRPORT/AIRCRAFT,False,76,41.976290414,-87.905227221
2004,10,2004-10-06 04:00:00,CRIMINAL DAMAGE,TO PROPERTY,AIRPORT/AIRCRAFT,False,76,41.976290414,-87.905227221
2004,10,2004-10-06 19:45:00,THEFT,$500 AND UNDER,AIRPORT/AIRCRAFT,False,76,41.976290414,-87.905227221
2004,10,2004-10-07 16:30:00,OTHER OFFENSE,OTHER CRIME AGAINST PERSON,AIRPORT/AIRCRAFT,True,76,41.976290414,-87.905227221
2004,10,2004-10-07 19:00:00,THEFT,OVER $500,OTHER,False,76,41.977464942,-87.837700585
2004,10,2004-10-05 17:30:00,CRIMINAL DAMAGE,TO PROPERTY,RESIDENCE,False,76,41.960940593000004,-87.84311581600001
2004,10,2004-10-06 23:47:00,CRIMINAL DAMAGE,TO VEHICLE,PARKING LOT/GARAGE(NON.RESID.),False,76,41.979300199,-87.83755763100001
2004,10,2004-10-06 07:00:00,BURGLARY,UNLAWFUL ENTRY,RESIDENCE,False,76,41.964240013,-87.838839992
2004,10,2004-10-07 04:30:00,BATTERY,SIMPLE,STREET,False,76,41.975204726,-87.837935086
2004,10,2004-10-07 06:25:00,CRIMINAL TRESPASS,TO STATE SUP LAND,AIRPORT/AIRCRAFT,True,76,41.976290414,-87.905227221
2004,10,2004-10-08 15:30:00,DECEPTIVE PRACTICE,CREDIT CARD FRAUD,AIRPORT/AIRCRAFT,False,76,41.976290414,-87.905227221
2004,10,2004-10-09 04:00:00,CRIMINAL DAMAGE,TO VEHICLE,STREET,False,76,41.977124702,-87.841539035
2004,10,2004-10-10 12:00:00,THEFT,FROM BUILDING,AIRPORT/AIRCRAFT,False,76,41.976290414,-87.905227221
2004,10,2004-10-10 17:00:00,THEFT,FROM BUILDING,AIRPORT/AIRCRAFT,False,76,41.976290414,-87.905227221
2004,10,2004-10-11 00:00:00,CRIMINAL DAMAGE,TO VEHICLE,PARKING LOT/GARAGE(NON.RESID.),False,76,41.974066835,-87.84649776
2004,10,2004-10-07 04:45:00,THEFT,$500 AND UNDER,AIRPORT/AIRCRAFT,False,76,41.976290414,-87.905227221
2004,10,2004-10-09 18:30:00,OTHER OFFENSE,BOARD PLANE WITH WEAPON,AIRPORT/AIRCRAFT,True,76,41.976290414,-87.905227221
2004,10,2004-10-08 20:00:00,OTHER OFFENSE,HARASSMENT BY TELEPHONE,APARTMENT,False,76,41.978086970999996,-87.84646714200001
2004,10,2004-10-11 16:00:00,BATTERY,DOMESTIC BATTERY SIMPLE,AIRPORT/AIRCRAFT,False,76,41.976290414,-87.905227221
2004,10,2004-10-09 15:25:00,THEFT,OVER $500,AIRPORT/AIRCRAFT,False,76,41.976290414,-87.905227221
2004,10,2004-10-10 09:03:00,CRIMINAL TRESPASS,TO LAND,AIRPORT/AIRCRAFT,True,76,41.976290414,-87.905227221
2004,10,2004-10-05 16:00:00,DECEPTIVE PRACTICE,ILLEGAL USE CASH CARD,RESIDENCE,False,76,41.975163178,-87.840395695
2004,10,2004-10-08 16:00:00,CRIMINAL DAMAGE,TO CITY OF CHICAGO PROPERTY,"SCHOOL, PUBLIC, GROUNDS",False,76,41.973797081,-87.841156435
2004,10,2004-10-11 07:20:00,CRIMINAL TRESPASS,TO LAND,AIRPORT/AIRCRAFT,True,76,41.976290414,-87.905227221
2004,10,2004-10-11 22:15:00,CRIMINAL DAMAGE,TO PROPERTY,APARTMENT,True,76,41.973754239,-87.843330155
2004,10,2004-10-07 06:26:00,THEFT,FROM BUILDING,AIRPORT/AIRCRAFT,False,76,41.976290414,-87.905227221
2004,10,2004-10-07 18:16:00,DECEPTIVE PRACTICE,"THEFT BY LESSEE,MOTOR VEH",AIRPORT/AIRCRAFT,False,76,41.976290414,-87.905227221
2004,10,2004-10-12 02:00:00,CRIMINAL DAMAGE,TO PROPERTY,AIRPORT/AIRCRAFT,False,76,41.976290414,-87.905227221
2004,10,2004-10-12 17:22:00,CRIMINAL DAMAGE,TO PROPERTY,AIRPORT/AIRCRAFT,True,76,41.976290414,-87.905227221
2004,10,2004-10-12 20:20:00,CRIMINAL TRESPASS,TO LAND,OTHER,True,76,41.973756056999996,-87.84311316899999
2004,10,2004-10-05 15:04:00,OTHER OFFENSE,HARASSMENT BY ELECTRONIC MEANS,RESIDENCE,False,76,41.977609479,-87.846467101
2004,10,2004-10-13 06:15:00,CRIMINAL TRESPASS,TO LAND,AIRPORT/AIRCRAFT,True,76,41.976290414,-87.905227221
2004,10,2004-10-13 07:45:00,CRIMINAL TRESPASS,TO LAND,AIRPORT/AIRCRAFT,True,76,41.976290414,-87.905227221
2004,10,2004-10-12 12:00:00,THEFT,OVER $500,AIRPORT/AIRCRAFT,False,76,41.976290414,-87.905227221
2004,10,2004-10-15 08:40:00,CRIMINAL DAMAGE,TO VEHICLE,DRIVEWAY - RESIDENTIAL,False,76,41.965760039,-87.84069248600001
2004,10,2004-10-03 21:00:00,THEFT,$500 AND UNDER,PARKING LOT/GARAGE(NON.RESID.),False,76,41.978086970999996,-87.84646714200001
2004,10,2004-10-14 13:00:00,THEFT,OVER $500,PARKING LOT/GARAGE(NON.RESID.),False,76,41.987384881,-87.843369092
2004,10,2004-10-15 02:30:00,BATTERY,DOMESTIC BATTERY SIMPLE,APARTMENT,False,76,41.976840050999996,-87.83661316700001
2004,10,2004-10-14 08:52:00,CRIMINAL TRESPASS,TO LAND,AIRPORT/AIRCRAFT,True,76,41.976290414,-87.905227221
2004,10,2004-10-14 15:00:00,THEFT,FROM BUILDING,AIRPORT/AIRCRAFT,False,76,41.976290414,-87.905227221
2004,10,2004-10-14 01:13:00,BURGLARY,UNLAWFUL ENTRY,SMALL RETAIL STORE,False,76,41.965767468,-87.836684479
2004,10,2004-10-07 10:30:00,THEFT,OVER $500,AIRPORT/AIRCRAFT,False,76,41.976290414,-87.905227221
2004,10,2004-10-13 05:00:00,THEFT,$500 AND UNDER,AIRPORT/AIRCRAFT,False,76,41.976290414,-87.905227221
2004,10,2004-10-16 15:30:00,BATTERY,SIMPLE,GROCERY FOOD STORE,False,76,41.965720818,-87.83668484100001
2004,10,2004-10-17 18:00:00,ASSAULT,SIMPLE,RESIDENCE,True,76,41.962317621,-87.838505558
2004,10,2004-10-19 02:00:00,THEFT,OVER $500,STREET,False,76,41.977608387,-87.836603519
2004,10,2004-10-14 18:00:00,THEFT,$500 AND UNDER,STREET,False,76,41.975167718,-87.84017500700001
2004,10,2004-10-17 19:45:00,OTHER OFFENSE,TELEPHONE THREAT,APARTMENT,False,76,41.974237268,-87.843984726
2004,10,2004-10-16 01:44:00,MOTOR VEHICLE THEFT,AUTOMOBILE,AIRPORT/AIRCRAFT,True,76,41.976290414,-87.905227221
2004,10,2004-10-14 16:50:00,THEFT,$500 AND UNDER,AIRPORT/AIRCRAFT,False,76,41.976290414,-87.905227221
2004,10,2004-10-15 12:30:00,THEFT,OVER $500,AIRPORT/AIRCRAFT,False,76,41.976290414,-87.905227221
2004,10,2004-10-09 21:00:00,CRIMINAL DAMAGE,TO VEHICLE,STREET,False,76,41.962317621,-87.838505558
2004,10,2004-10-19 13:30:00,THEFT,FROM BUILDING,COMMERCIAL / BUSINESS OFFICE,False,76,41.987421622,-87.84361893299999
2004,10,2004-10-20 08:00:00,CRIMINAL DAMAGE,TO PROPERTY,BANK,False,76,41.963942595,-87.836691297
2004,10,2004-10-19 17:00:00,THEFT,OVER $500,OTHER,False,76,41.977609479,-87.846467101
2004,10,2004-10-16 21:33:00,THEFT,FINANCIAL ID THEFT: OVER $300,BANK,False,76,41.965720818,-87.83668484100001
2004,10,2004-10-19 17:00:00,ASSAULT,SIMPLE,STREET,False,76,41.97592606,-87.83911736200001
2004,10,2004-10-16 00:01:00,CRIMINAL DAMAGE,TO VEHICLE,PARKING LOT/GARAGE(NON.RESID.),False,76,41.986930009,-87.84031964399999
2004,10,2004-10-18 20:45:00,BATTERY,DOMESTIC BATTERY SIMPLE,STREET,False,76,41.976290414,-87.905227221
2004,10,2004-10-20 01:15:00,CRIMINAL DAMAGE,TO PROPERTY,RESIDENCE,False,76,41.978346459,-87.839756963
2004,10,2004-10-20 21:56:50,CRIMINAL DAMAGE,TO PROPERTY,RESIDENCE,False,76,41.978346459,-87.839756963
2004,10,2004-10-06 11:40:00,DECEPTIVE PRACTICE,"THEFT BY LESSEE,MOTOR VEH",AIRPORT/AIRCRAFT,False,76,41.976290414,-87.905227221
2004,10,2004-10-19 22:50:00,BATTERY,SIMPLE,AIRPORT/AIRCRAFT,True,76,41.976290414,-87.905227221
2004,10,2004-10-20 18:10:00,CRIMINAL TRESPASS,TO LAND,AIRPORT/AIRCRAFT,True,76,41.976290414,-87.905227221
2004,10,2004-10-20 19:35:00,THEFT,OVER $500,AIRPORT/AIRCRAFT,False,76,41.976290414,-87.905227221
2004,10,2004-10-22 01:30:00,THEFT,$500 AND UNDER,RESIDENTIAL YARD (FRONT/BACK),False,76,41.960590816,-87.84025800799999
2004,10,2004-10-20 21:30:00,OTHER OFFENSE,TELEPHONE THREAT,RESIDENCE,False,76,41.988331406,-87.849787854
2004,10,2004-10-22 15:00:00,THEFT,FROM BUILDING,ATHLETIC CLUB,False,76,41.97855782,-87.836588785
2004,10,2004-10-21 21:55:00,PUBLIC PEACE VIOLATION,BOMB THREAT,AIRPORT/AIRCRAFT,False,76,41.976290414,-87.905227221
2004,10,2004-10-16 17:00:00,MOTOR VEHICLE THEFT,AUTOMOBILE,OTHER,False,76,41.978339634,-87.840084335
2004,10,2004-10-22 00:05:00,THEFT,OVER $500,STREET,False,76,41.977465593000005,-87.83785136600001
2004,10,2004-10-21 16:30:00,THEFT,FROM BUILDING,AIRPORT/AIRCRAFT,False,76,41.976290414,-87.905227221
2004,10,2004-10-22 10:00:00,THEFT,$500 AND UNDER,OTHER,False,76,41.978343937,-87.839808471
2004,10,2004-10-21 10:00:00,THEFT,FROM BUILDING,RESIDENCE,False,76,41.979241094,-87.840401024
2004,10,2004-10-24 04:00:00,THEFT,$500 AND UNDER,CTA TRAIN,False,76,41.976290414,-87.905227221
2004,10,2004-10-22 16:00:00,CRIMINAL DAMAGE,TO VEHICLE,PARKING LOT/GARAGE(NON.RESID.),False,76,41.976545678,-87.841539813
2004,10,2004-10-23 12:50:00,THEFT,FROM BUILDING,APARTMENT,False,76,41.976035125,-87.842150546
2004,10,2004-10-23 12:50:00,CRIMINAL DAMAGE,TO PROPERTY,APARTMENT,False,76,41.976035125,-87.842150546
2004,10,2004-10-23 17:00:00,THEFT,RETAIL THEFT,GROCERY FOOD STORE,False,76,41.956599033,-87.836682141
2004,10,2004-10-17 22:30:00,BURGLARY,FORCIBLE ENTRY,AIRPORT/AIRCRAFT,False,76,41.976290414,-87.905227221
2004,10,2004-10-04 22:30:00,BURGLARY,UNLAWFUL ENTRY,AIRPORT/AIRCRAFT,False,76,41.976290414,-87.905227221
2004,10,2004-10-23 17:30:00,THEFT,OVER $500,PARKING LOT/GARAGE(NON.RESID.),False,76,41.980045146,-87.836580903
2004,10,2004-10-21 00:00:00,THEFT,FROM BUILDING,RESIDENCE,False,76,41.979241094,-87.840401024
2004,10,2004-10-25 16:10:00,THEFT,OVER $500,AIRPORT/AIRCRAFT,False,76,41.976290414,-87.905227221
2004,10,2004-10-23 19:00:00,CRIMINAL DAMAGE,TO VEHICLE,PARKING LOT/GARAGE(NON.RESID.),False,76,41.973250545999996,-87.864659547
2004,10,2004-10-24 08:00:00,OTHER OFFENSE,HARASSMENT BY TELEPHONE,COMMERCIAL / BUSINESS OFFICE,False,76,41.973250545999996,-87.864659547
2004,10,2004-10-22 14:20:00,CRIMINAL DAMAGE,TO VEHICLE,PARKING LOT/GARAGE(NON.RESID.),False,76,41.976290414,-87.905227221
2004,10,2004-10-23 06:00:00,THEFT,$500 AND UNDER,AIRPORT/AIRCRAFT,False,76,41.976290414,-87.905227221
2004,10,2004-10-24 17:20:00,THEFT,$500 AND UNDER,AIRPORT/AIRCRAFT,False,76,41.976290414,-87.905227221
2004,10,2004-10-26 20:00:00,CRIMINAL DAMAGE,TO VEHICLE,STREET,False,76,41.975137908,-87.84218318299999
2004,10,2004-10-04 08:50:00,THEFT,FROM BUILDING,AIRPORT/AIRCRAFT,False,76,41.976290414,-87.905227221
2004,10,2004-10-25 03:00:00,THEFT,$500 AND UNDER,CTA TRAIN,False,76,41.976290414,-87.905227221
2004,10,2004-10-26 22:00:00,THEFT,OVER $500,STREET,False,76,41.976026585999996,-87.842720641
2004,10,2004-10-27 21:30:00,CRIMINAL DAMAGE,TO PROPERTY,RESIDENCE PORCH/HALLWAY,False,76,41.976028481,-87.842522036
2004,10,2004-10-27 17:00:00,THEFT,$500 AND UNDER,PARKING LOT/GARAGE(NON.RESID.),False,76,41.981480365,-87.83658078200001
2004,10,2004-10-29 02:30:00,CRIMINAL DAMAGE,TO VEHICLE,PARKING LOT/GARAGE(NON.RESID.),False,76,41.97925443,-87.83967271799999
2004,10,2004-10-28 16:37:00,THEFT,$500 AND UNDER,PARKING LOT/GARAGE(NON.RESID.),False,76,41.97855782,-87.836588785
2004,10,2004-10-27 15:30:00,BATTERY,SIMPLE,AIRPORT/AIRCRAFT,True,76,41.976290414,-87.905227221
2004,10,2004-10-27 08:30:00,OTHER OFFENSE,TELEPHONE THREAT,AIRPORT/AIRCRAFT,False,76,41.976290414,-87.905227221
2004,10,2004-10-27 12:15:00,THEFT,$500 AND UNDER,AIRPORT/AIRCRAFT,True,76,41.976290414,-87.905227221
2004,10,2004-10-28 00:40:00,CRIMINAL TRESPASS,TO AIRPORT,AIRPORT/AIRCRAFT,True,76,41.976290414,-87.905227221
2004,10,2004-10-26 14:16:00,OTHER OFFENSE,HARASSMENT BY TELEPHONE,COMMERCIAL / BUSINESS OFFICE,False,76,41.987367883000005,-87.843244162
2004,10,2004-10-26 12:00:00,THEFT,FINANCIAL ID THEFT:$300 &UNDER,OTHER,False,76,41.964240013,-87.838839992
2004,10,2004-10-26 21:00:00,THEFT,$500 AND UNDER,AIRPORT/AIRCRAFT,False,76,41.976290414,-87.905227221
2004,10,2004-10-27 16:25:00,THEFT,OVER $500,AIRPORT/AIRCRAFT,True,76,41.976290414,-87.905227221
2004,10,2004-10-28 04:45:00,CRIMINAL DAMAGE,TO VEHICLE,PARKING LOT/GARAGE(NON.RESID.),False,76,41.976290414,-87.905227221
2004,10,2004-10-29 00:40:00,CRIMINAL TRESPASS,TO AIRPORT,AIRPORT/AIRCRAFT,True,76,41.976290414,-87.905227221
2004,10,2004-10-28 23:28:00,THEFT,OVER $500,PARKING LOT/GARAGE(NON.RESID.),False,76,41.979249906,-87.839897098
2004,10,2004-10-29 20:30:00,BATTERY,SIMPLE,RESIDENCE,True,76,41.978086970999996,-87.84646714200001
2004,10,2004-10-24 09:52:00,THEFT,OVER $500,AIRPORT/AIRCRAFT,False,76,41.976290414,-87.905227221
2004,10,2004-10-28 07:03:00,CRIMINAL TRESPASS,TO LAND,AIRPORT/AIRCRAFT,True,76,41.976290414,-87.905227221
2004,10,2004-10-29 08:11:00,THEFT,ATTEMPT THEFT,AIRPORT/AIRCRAFT,False,76,41.976290414,-87.905227221
2004,10,2004-10-17 13:20:00,NARCOTICS,POSS: CANNABIS 30GMS OR LESS,SIDEWALK,True,76,41.975076122,-87.84571411
2004,10,2004-10-27 18:40:00,THEFT,OVER $500,AIRPORT/AIRCRAFT,False,76,41.976290414,-87.905227221
2004,10,2004-10-29 23:50:00,DECEPTIVE PRACTICE,THEFT OF LABOR/SERVICES,AIRPORT/AIRCRAFT,True,76,41.976290414,-87.905227221
2004,10,2004-10-31 23:00:00,CRIMINAL DAMAGE,TO VEHICLE,DRIVEWAY - RESIDENTIAL,False,76,41.975165401,-87.840274319
2004,10,2004-10-30 03:00:00,MOTOR VEHICLE THEFT,AUTOMOBILE,STREET,False,76,41.97375634,-87.843179362
2004,10,2004-10-30 12:00:00,THEFT,FROM BUILDING,AIRPORT/AIRCRAFT,False,76,41.976290414,-87.905227221
2004,10,2004-10-31 02:30:00,DECEPTIVE PRACTICE,THEFT OF LABOR/SERVICES,STREET,False,76,41.978346459,-87.839756963
2004,10,2004-10-02 14:30:00,THEFT,OVER $500,AIRPORT/AIRCRAFT,False,76,41.976290414,-87.905227221
2004,10,2004-10-30 23:59:00,ARSON,BY FIRE,VEHICLE NON-COMMERCIAL,False,76,41.978346459,-87.839756963
2004,10,2004-10-29 19:05:00,THEFT,OVER $500,PARKING LOT/GARAGE(NON.RESID.),False,76,41.976290414,-87.905227221
2004,10,2004-10-28 10:30:00,DECEPTIVE PRACTICE,BOGUS CHECK,APARTMENT,False,76,41.980153716,-87.840121825
2004,10,2004-10-31 14:00:00,BATTERY,DOMESTIC BATTERY SIMPLE,APARTMENT,False,76,41.977968974,-87.84646804100001
2004,10,2004-10-05 10:10:00,NARCOTICS,POSS: CANNABIS 30GMS OR LESS,AIRPORT/AIRCRAFT,True,76,41.976290414,-87.905227221
2004,10,2004-10-30 19:55:00,CRIMINAL TRESPASS,TO LAND,AIRPORT/AIRCRAFT,True,76,41.976290414,-87.905227221
2004,10,2004-10-27 06:00:00,THEFT,OVER $500,AIRPORT/AIRCRAFT,False,76,41.976290414,-87.905227221
2004,10,2004-10-16 04:30:00,THEFT,OVER $500,AIRPORT/AIRCRAFT,False,76,41.976290414,-87.905227221
2004,10,2004-10-14 16:00:00,NARCOTICS,POSS: CANNABIS 30GMS OR LESS,AIRPORT/AIRCRAFT,True,76,41.976290414,-87.905227221
2004,10,2004-10-08 05:50:00,NARCOTICS,POSS: CANNABIS 30GMS OR LESS,AIRPORT/AIRCRAFT,True,76,41.976290414,-87.905227221
2004,10,2004-10-08 08:25:00,NARCOTICS,POSS: CANNABIS 30GMS OR LESS,AIRPORT/AIRCRAFT,True,76,41.976290414,-87.905227221
2004,10,2004-10-30 06:52:00,MOTOR VEHICLE THEFT,THEFT/RECOVERY: AUTOMOBILE,AIRPORT/AIRCRAFT,False,76,41.976290414,-87.905227221
2004,10,2004-10-08 08:25:00,BATTERY,SIMPLE,AIRPORT/AIRCRAFT,False,76,41.976290414,-87.905227221
2004,10,2004-10-17 16:00:00,THEFT,FROM BUILDING,AIRPORT/AIRCRAFT,False,76,41.976290414,-87.905227221
2004,10,2004-10-01 13:00:00,NARCOTICS,POSS: HEROIN(WHITE),AIRPORT/AIRCRAFT,True,76,41.976290414,-87.905227221
2004,10,2004-10-07 17:30:00,THEFT,$500 AND UNDER,AIRPORT/AIRCRAFT,False,76,41.976290414,-87.905227221
2004,10,2004-10-22 23:59:00,DECEPTIVE PRACTICE,"THEFT BY LESSEE,MOTOR VEH",AIRPORT/AIRCRAFT,True,76,41.976290414,-87.905227221
2004,10,2004-10-29 09:00:00,MOTOR VEHICLE THEFT,AUTOMOBILE,PARKING LOT/GARAGE(NON.RESID.),False,76,41.976290414,-87.905227221
2004,10,2004-10-30 09:00:00,MOTOR VEHICLE THEFT,AUTOMOBILE,PARKING LOT/GARAGE(NON.RESID.),False,76,41.976290414,-87.905227221
2004,10,2004-10-30 23:59:00,DECEPTIVE PRACTICE,"THEFT BY LESSEE,MOTOR VEH",AIRPORT/AIRCRAFT,False,76,41.976290414,-87.905227221
2004,10,2004-10-09 18:25:00,DECEPTIVE PRACTICE,"THEFT BY LESSEE,MOTOR VEH",AIRPORT/AIRCRAFT,False,76,41.976290414,-87.905227221
2004,10,2004-10-01 00:01:00,OTHER OFFENSE,TELEPHONE THREAT,AIRPORT/AIRCRAFT,False,76,41.976290414,-87.905227221
2004,11,2004-11-25 13:00:00,MOTOR VEHICLE THEFT,AUTOMOBILE,AIRPORT/AIRCRAFT,False,76,,
2004,11,2004-11-10 00:01:00,DECEPTIVE PRACTICE,"THEFT BY LESSEE,MOTOR VEH",AIRPORT/AIRCRAFT,False,76,,
2004,11,2004-11-04 05:37:00,DECEPTIVE PRACTICE,FRAUD OR CONFIDENCE GAME,PARKING LOT/GARAGE(NON.RESID.),True,76,,
2004,11,2004-11-01 13:15:00,CRIMINAL TRESPASS,TO LAND,AIRPORT/AIRCRAFT,True,76,41.976290414,-87.905227221
2004,11,2004-11-02 09:00:00,CRIMINAL DAMAGE,TO VEHICLE,PARKING LOT/GARAGE(NON.RESID.),False,76,41.97852489,-87.83658904100001
2004,11,2004-11-03 07:30:00,OTHER OFFENSE,HARASSMENT BY TELEPHONE,APARTMENT,False,76,41.97509547,-87.84445623799999
2004,11,2004-11-02 09:15:00,THEFT,OVER $500,AIRPORT/AIRCRAFT,False,76,41.976290414,-87.905227221
2004,11,2004-11-03 07:02:00,CRIMINAL TRESPASS,TO LAND,AIRPORT/AIRCRAFT,True,76,41.976290414,-87.905227221
2004,11,2004-11-03 07:44:00,BATTERY,SIMPLE,AIRPORT/AIRCRAFT,True,76,41.976290414,-87.905227221
2004,11,2004-11-04 18:45:00,BATTERY,DOMESTIC BATTERY SIMPLE,RESIDENCE,False,76,41.974943112,-87.84155214200001
2004,11,2004-11-01 14:30:00,THEFT,POCKET-PICKING,AIRPORT/AIRCRAFT,False,76,41.976290414,-87.905227221
2004,11,2004-11-02 21:15:00,ASSAULT,AGGRAVATED:KNIFE/CUTTING INSTR,RESIDENCE,False,76,41.976636233,-87.841539116
2004,11,2004-11-01 09:00:00,DECEPTIVE PRACTICE,"THEFT BY LESSEE,MOTOR VEH",AIRPORT/AIRCRAFT,False,76,41.976290414,-87.905227221
2004,11,2004-11-03 12:30:00,THEFT,OVER $500,AIRPORT/AIRCRAFT,False,76,41.976290414,-87.905227221
2004,11,2004-11-04 05:37:00,MOTOR VEHICLE THEFT,AUTOMOBILE,AIRPORT/AIRCRAFT,True,76,41.976290414,-87.905227221
2004,11,2004-11-06 02:00:00,BATTERY,DOMESTIC BATTERY SIMPLE,RESIDENCE,False,76,41.976031021,-87.84247420700001
2004,11,2004-11-05 19:20:00,CRIMINAL DAMAGE,TO PROPERTY,STREET,False,76,41.973810875,-87.839894953
2004,11,2004-11-03 13:30:00,OTHER OFFENSE,TELEPHONE THREAT,OTHER,False,76,41.981109048,-87.83765393700001
2004,11,2004-11-06 14:15:00,CRIMINAL DAMAGE,TO VEHICLE,PARKING LOT/GARAGE(NON.RESID.),False,76,41.977464513,-87.837601291
2004,11,2004-11-06 00:30:00,CRIMINAL TRESPASS,TO AIRPORT,AIRPORT/AIRCRAFT,True,76,41.976290414,-87.905227221
2004,11,2004-11-01 09:00:00,THEFT,$500 AND UNDER,RESIDENCE,False,76,41.976290414,-87.905227221
2004,11,2004-11-05 14:45:00,BATTERY,SIMPLE,"SCHOOL, PRIVATE, GROUNDS",False,76,41.973797081,-87.841156435
2004,11,2004-11-03 09:00:00,OTHER OFFENSE,OTHER VEHICLE OFFENSE,STREET,False,76,41.975073456,-87.84573251799999
2004,11,2004-11-05 08:30:00,DECEPTIVE PRACTICE,FRAUD OR CONFIDENCE GAME,AIRPORT/AIRCRAFT,True,76,41.976290414,-87.905227221
2004,11,2004-11-06 05:45:00,THEFT,$500 AND UNDER,AIRPORT/AIRCRAFT,False,76,41.976290414,-87.905227221
2004,11,2004-11-06 08:00:00,CRIMINAL TRESPASS,TO LAND,AIRPORT/AIRCRAFT,True,76,41.976290414,-87.905227221
2004,11,2004-11-08 19:15:00,THEFT,OVER $500,AIRPORT/AIRCRAFT,False,76,41.976290414,-87.905227221
2004,11,2004-11-08 17:00:00,BATTERY,DOMESTIC BATTERY SIMPLE,COMMERCIAL / BUSINESS OFFICE,False,76,41.98734814,-87.84311925200001
2004,11,2004-11-08 16:00:00,BATTERY,SIMPLE,AIRPORT/AIRCRAFT,True,76,41.976290414,-87.905227221
2004,11,2004-11-06 08:05:00,CRIMINAL TRESPASS,TO LAND,AIRPORT/AIRCRAFT,True,76,41.976290414,-87.905227221
2004,11,2004-11-03 13:00:00,THEFT,OVER $500,CTA PLATFORM,False,76,41.984622486,-87.836582104
2004,11,2004-11-09 06:40:00,THEFT,FROM BUILDING,AIRPORT/AIRCRAFT,False,76,41.976290414,-87.905227221
2004,11,2004-11-08 18:20:00,THEFT,$500 AND UNDER,AIRPORT/AIRCRAFT,False,76,41.976290414,-87.905227221
2004,11,2004-11-07 20:00:00,BATTERY,SIMPLE,AIRPORT/AIRCRAFT,False,76,41.976290414,-87.905227221
2004,11,2004-11-09 22:00:00,DECEPTIVE PRACTICE,STOLEN PROP: BUY/RECEIVE/POS.,AIRPORT/AIRCRAFT,False,76,41.976290414,-87.905227221
2004,11,2004-11-10 17:30:00,MOTOR VEHICLE THEFT,THEFT/RECOVERY: AUTOMOBILE,OTHER,False,76,41.978086970999996,-87.84646714200001
2004,11,2004-11-10 12:00:00,MOTOR VEHICLE THEFT,AUTOMOBILE,PARKING LOT/GARAGE(NON.RESID.),False,76,41.965753747,-87.836684585
2004,11,2004-11-10 16:30:00,THEFT,FROM COIN-OP MACHINE/DEVICE,AIRPORT/AIRCRAFT,False,76,41.976290414,-87.905227221
2004,11,2004-11-04 12:00:00,THEFT,OVER $500,AIRPORT/AIRCRAFT,False,76,41.976290414,-87.905227221
2004,11,2004-11-12 17:15:00,CRIMINAL DAMAGE,TO VEHICLE,PARKING LOT/GARAGE(NON.RESID.),False,76,41.97855782,-87.836588785
2004,11,2004-11-12 00:40:00,CRIMINAL TRESPASS,TO AIRPORT,AIRPORT/AIRCRAFT,True,76,41.976290414,-87.905227221
2004,11,2004-11-13 10:00:00,CRIMINAL DAMAGE,TO VEHICLE,PARKING LOT/GARAGE(NON.RESID.),False,76,41.97852489,-87.83658904100001
2004,11,2004-11-12 12:35:00,BATTERY,SIMPLE,AIRPORT/AIRCRAFT,True,76,41.976290414,-87.905227221
2004,11,2004-11-11 23:00:00,DECEPTIVE PRACTICE,THEFT OF LABOR/SERVICES,HOTEL/MOTEL,True,76,41.976290414,-87.905227221
2004,11,2004-11-14 08:00:00,CRIMINAL DAMAGE,TO VEHICLE,PARKING LOT/GARAGE(NON.RESID.),False,76,41.97855782,-87.836588785
2004,11,2004-11-14 15:10:00,THEFT,FROM BUILDING,AIRPORT/AIRCRAFT,False,76,41.976290414,-87.905227221
2004,11,2004-11-07 12:00:00,OTHER OFFENSE,TELEPHONE THREAT,AIRPORT/AIRCRAFT,False,76,41.976290414,-87.905227221
2004,11,2004-11-14 01:20:00,CRIMINAL TRESPASS,TO AIRPORT,AIRPORT/AIRCRAFT,True,76,41.976290414,-87.905227221
2004,11,2004-11-10 19:00:00,THEFT,FROM BUILDING,AIRPORT/AIRCRAFT,False,76,41.976290414,-87.905227221
2004,11,2004-11-17 00:00:00,THEFT,$500 AND UNDER,OTHER,False,76,41.980198462,-87.837767657
2004,11,2004-11-17 01:00:00,MOTOR VEHICLE THEFT,AUTOMOBILE,STREET,False,76,41.976035125,-87.842150546
2004,11,2004-11-14 00:45:00,BATTERY,SIMPLE,OTHER,False,76,41.937573194,-87.835381684
2004,11,2004-11-16 01:15:00,ASSAULT,SIMPLE,STREET,False,76,41.981480365,-87.83658078200001
2004,11,2004-11-16 20:30:00,CRIMINAL DAMAGE,TO PROPERTY,RESIDENCE,False,76,41.96259732,-87.83973145799999
2004,11,2004-11-15 18:00:00,THEFT,OVER $500,STREET,False,76,41.971811244,-87.84653332399999
2004,11,2004-11-14 19:34:00,CRIMINAL TRESPASS,TO AIRPORT,CTA TRAIN,True,76,41.976290414,-87.905227221
2004,11,2004-11-15 12:45:00,CRIMINAL TRESPASS,TO LAND,AIRPORT/AIRCRAFT,True,76,41.976290414,-87.905227221
2004,11,2004-11-15 20:11:00,DECEPTIVE PRACTICE,THEFT OF LABOR/SERVICES,AIRPORT/AIRCRAFT,False,76,41.976290414,-87.905227221
2004,11,2004-11-07 09:11:00,NARCOTICS,FOUND SUSPECT NARCOTICS,HOTEL/MOTEL,True,76,41.976290414,-87.905227221
2004,11,2004-11-14 15:30:00,THEFT,OVER $500,AIRPORT/AIRCRAFT,False,76,41.976290414,-87.905227221
2004,11,2004-11-17 08:10:00,BATTERY,SIMPLE,COMMERCIAL / BUSINESS OFFICE,False,76,41.981040824000004,-87.84029151799999
2004,11,2004-11-17 21:11:00,BATTERY,DOMESTIC BATTERY SIMPLE,COMMERCIAL / BUSINESS OFFICE,True,76,41.981104464,-87.837863613
2004,11,2004-11-18 12:00:00,THEFT,POCKET-PICKING,RESTAURANT,False,76,41.963509008,-87.83669098799999
2004,11,2004-11-15 06:00:00,THEFT,OVER $500,STREET,False,76,41.979498742,-87.839052959
2004,11,2004-11-18 15:00:00,THEFT,FROM BUILDING,AIRPORT/AIRCRAFT,False,76,41.976290414,-87.905227221
2004,11,2004-11-17 14:25:00,MOTOR VEHICLE THEFT,AUTOMOBILE,AIRPORT/AIRCRAFT,False,76,41.976290414,-87.905227221
2004,11,2004-11-10 14:00:00,THEFT,OVER $500,AIRPORT/AIRCRAFT,False,76,41.976290414,-87.905227221
2004,11,2004-11-17 08:20:00,BATTERY,SIMPLE,AIRPORT/AIRCRAFT,False,76,41.976290414,-87.905227221
2004,11,2004-11-18 07:50:00,ASSAULT,AGG PO HANDS NO/MIN INJURY,AIRPORT/AIRCRAFT,True,76,41.976290414,-87.905227221
2004,11,2004-11-18 17:05:00,BATTERY,SIMPLE,GROCERY FOOD STORE,True,76,41.965720818,-87.83668484100001
2004,11,2004-11-16 06:30:00,THEFT,FROM BUILDING,AIRPORT/AIRCRAFT,False,76,41.976290414,-87.905227221
2004,11,2004-11-17 10:00:00,OTHER OFFENSE,HARASSMENT BY TELEPHONE,RESIDENCE,False,76,41.959815586,-87.840580178
2004,11,2004-11-19 22:00:00,CRIMINAL DAMAGE,TO PROPERTY,RESIDENCE,False,76,41.960940593000004,-87.84311581600001
2004,11,2004-11-16 00:01:00,MOTOR VEHICLE THEFT,AUTOMOBILE,AIRPORT/AIRCRAFT,False,76,41.976290414,-87.905227221
2004,11,2004-11-18 06:35:00,OTHER OFFENSE,VIOLATE ORDER OF PROTECTION,AIRPORT/AIRCRAFT,True,76,41.976290414,-87.905227221
2004,11,2004-11-19 19:35:00,BATTERY,SIMPLE,AIRPORT/AIRCRAFT,True,76,41.976290414,-87.905227221
2004,11,2004-11-19 21:00:00,DECEPTIVE PRACTICE,CREDIT CARD FRAUD,AIRPORT/AIRCRAFT,False,76,41.976290414,-87.905227221
2004,11,2004-11-19 13:50:00,CRIMINAL TRESPASS,TO LAND,AIRPORT/AIRCRAFT,True,76,41.976290414,-87.905227221
2004,11,2004-11-20 06:00:00,CRIMINAL TRESPASS,TO LAND,AIRPORT/AIRCRAFT,True,76,41.976290414,-87.905227221
2004,11,2004-11-20 07:45:00,CRIMINAL TRESPASS,TO LAND,AIRPORT/AIRCRAFT,True,76,41.976290414,-87.905227221
2004,11,2004-11-20 13:21:00,BATTERY,AGG PO HANDS NO/MIN INJURY,PARKING LOT/GARAGE(NON.RESID.),True,76,41.965720818,-87.83668484100001
2004,11,2004-11-20 09:10:00,THEFT,RETAIL THEFT,GROCERY FOOD STORE,False,76,41.965720818,-87.83668484100001
2004,11,2004-11-20 10:30:00,THEFT,ATTEMPT THEFT,GROCERY FOOD STORE,False,76,41.965720818,-87.83668484100001
2004,11,2004-11-21 00:40:00,CRIMINAL TRESPASS,TO AIRPORT,AIRPORT/AIRCRAFT,True,76,41.976290414,-87.905227221
2004,11,2004-11-12 09:40:00,NARCOTICS,MANU/DEL:CANNABIS 10GM OR LESS,AIRPORT/AIRCRAFT,True,76,41.976290414,-87.905227221
2004,11,2004-11-22 08:30:00,THEFT,OVER $500,PARKING LOT/GARAGE(NON.RESID.),False,76,41.980974046,-87.844569423
2004,11,2004-11-21 09:55:00,CRIMINAL TRESPASS,TO LAND,AIRPORT/AIRCRAFT,True,76,41.976290414,-87.905227221
2004,11,2004-11-21 18:30:00,THEFT,$500 AND UNDER,AIRPORT/AIRCRAFT,False,76,41.976290414,-87.905227221
2004,11,2004-11-20 13:35:00,THEFT,POCKET-PICKING,AIRPORT/AIRCRAFT,False,76,41.976290414,-87.905227221
2004,11,2004-11-22 09:00:00,CRIMINAL DAMAGE,TO VEHICLE,PARKING LOT/GARAGE(NON.RESID.),False,76,41.97852489,-87.83658904100001
2004,11,2004-11-21 07:30:00,THEFT,OVER $500,AIRPORT/AIRCRAFT,False,76,41.976290414,-87.905227221
2004,11,2004-11-23 22:30:00,BATTERY,SIMPLE,COMMERCIAL / BUSINESS OFFICE,False,76,41.976290414,-87.905227221
2004,11,2004-11-23 13:00:00,BATTERY,DOMESTIC BATTERY SIMPLE,RESIDENCE,False,76,41.977730236,-87.846469859
2004,11,2004-11-18 18:00:00,BURGLARY,FORCIBLE ENTRY,OTHER,False,76,41.973769143,-87.842322411
2004,11,2004-11-22 17:00:00,BURGLARY,FORCIBLE ENTRY,OTHER,False,76,41.973769143,-87.842322411
2004,11,2004-11-21 00:45:00,THEFT,PURSE-SNATCHING,ALLEY,False,76,41.976290414,-87.905227221
2004,11,2004-11-22 05:30:00,CRIMINAL DAMAGE,TO VEHICLE,PARKING LOT/GARAGE(NON.RESID.),False,76,41.976290414,-87.905227221
2004,11,2004-11-25 17:15:00,THEFT,FROM BUILDING,OTHER,False,76,41.963509008,-87.83669098799999
2004,11,2004-11-25 09:00:00,OFFENSE INVOLVING CHILDREN,OTHER OFFENSE,RESIDENCE,False,76,41.975209340999996,-87.837732785
2004,11,2004-11-24 16:30:00,THEFT,FROM BUILDING,AIRPORT/AIRCRAFT,False,76,41.976290414,-87.905227221
2004,11,2004-11-26 16:15:00,THEFT,$500 AND UNDER,PARKING LOT/GARAGE(NON.RESID.),False,76,41.97852489,-87.83658904100001
2004,11,2004-11-26 19:30:00,DECEPTIVE PRACTICE,FRAUD OR CONFIDENCE GAME,OTHER,False,76,41.976290414,-87.905227221
2004,11,2004-11-26 19:00:00,OTHER OFFENSE,TELEPHONE THREAT,APARTMENT,False,76,41.971479220999996,-87.846539529
2004,11,2004-11-25 23:58:00,BATTERY,SIMPLE,SIDEWALK,False,76,41.975988703,-87.84477671399999
2004,11,2004-11-25 00:01:00,THEFT,FROM COIN-OP MACHINE/DEVICE,APARTMENT,False,76,41.975988703,-87.84477671399999
2004,11,2004-11-27 08:20:00,THEFT,FROM BUILDING,ATHLETIC CLUB,False,76,41.97855782,-87.836588785
2004,11,2004-11-27 18:00:00,OTHER OFFENSE,TELEPHONE THREAT,STREET,False,76,41.971514895,-87.846539257
2004,11,2004-11-21 14:30:00,THEFT,$500 AND UNDER,AIRPORT/AIRCRAFT,True,76,41.976290414,-87.905227221
2004,11,2004-11-22 13:30:00,THEFT,FROM BUILDING,AIRPORT/AIRCRAFT,False,76,41.976290414,-87.905227221
2004,11,2004-11-24 19:00:00,CRIMINAL TRESPASS,TO LAND,AIRPORT/AIRCRAFT,True,76,41.976290414,-87.905227221
2004,11,2004-11-27 07:00:00,THEFT,$500 AND UNDER,AIRPORT/AIRCRAFT,True,76,41.976290414,-87.905227221
2004,11,2004-11-27 08:00:00,CRIMINAL TRESPASS,TO LAND,AIRPORT/AIRCRAFT,False,76,41.976290414,-87.905227221
2004,11,2004-11-27 21:00:00,CRIMINAL DAMAGE,TO VEHICLE,OTHER,False,76,41.971742657,-87.846537523
2004,11,2004-11-19 19:00:00,THEFT,FROM BUILDING,AIRPORT/AIRCRAFT,False,76,41.976290414,-87.905227221
2004,11,2004-11-28 20:00:00,THEFT,FROM BUILDING,AIRPORT/AIRCRAFT,False,76,41.976290414,-87.905227221
2004,11,2004-11-27 16:50:00,THEFT,$500 AND UNDER,AIRPORT/AIRCRAFT,False,76,41.976290414,-87.905227221
2004,11,2004-11-27 15:00:00,ASSAULT,SIMPLE,CTA PLATFORM,False,76,41.976290414,-87.905227221
2004,11,2004-11-27 13:00:00,BATTERY,SIMPLE,AIRPORT/AIRCRAFT,False,76,41.976290414,-87.905227221
2004,11,2004-11-27 13:00:00,BATTERY,SIMPLE,AIRPORT/AIRCRAFT,False,76,41.976290414,-87.905227221
2004,11,2004-11-27 12:26:00,BATTERY,AGGRAVATED: OTHER DANG WEAPON,AIRPORT/AIRCRAFT,True,76,41.976290414,-87.905227221
2004,11,2004-11-10 06:00:00,THEFT,OVER $500,AIRPORT/AIRCRAFT,False,76,41.976290414,-87.905227221
2004,11,2004-11-24 20:00:00,THEFT,FROM BUILDING,AIRPORT/AIRCRAFT,False,76,41.976290414,-87.905227221
2004,11,2004-11-29 00:01:00,CRIMINAL DAMAGE,TO PROPERTY,AIRPORT/AIRCRAFT,False,76,41.976290414,-87.905227221
2004,11,2004-11-29 05:45:00,CRIMINAL TRESPASS,TO RESIDENCE,RESIDENCE,True,76,41.974179641999996,-87.84398516700001
2004,11,2004-11-29 08:45:00,BATTERY,DOMESTIC BATTERY SIMPLE,APARTMENT,False,76,41.978086970999996,-87.84646714200001
2004,11,2004-11-26 12:00:00,THEFT,$500 AND UNDER,PARKING LOT/GARAGE(NON.RESID.),False,76,41.976290414,-87.905227221
2004,11,2004-11-30 11:00:00,THEFT,FINANCIAL ID THEFT: OVER $300,RESIDENCE,False,76,41.975862946,-87.83911785
2004,11,2004-11-29 17:05:00,THEFT,FROM BUILDING,OTHER,False,76,41.981109048,-87.83765393700001
2004,11,2004-11-30 19:00:00,THEFT,$500 AND UNDER,STREET,False,76,41.977465621,-87.83722248
2004,11,2004-11-29 22:45:00,THEFT,FROM BUILDING,AIRPORT/AIRCRAFT,False,76,41.976290414,-87.905227221
2004,11,2004-11-03 22:49:00,DECEPTIVE PRACTICE,"THEFT BY LESSEE,MOTOR VEH",AIRPORT/AIRCRAFT,False,76,41.976290414,-87.905227221
2004,11,2004-11-29 23:30:00,THEFT,$500 AND UNDER,PARKING LOT/GARAGE(NON.RESID.),False,76,41.976290414,-87.905227221
2004,11,2004-11-29 11:00:00,THEFT,$500 AND UNDER,AIRPORT/AIRCRAFT,False,76,41.976290414,-87.905227221
2004,11,2004-11-29 10:50:00,WEAPONS VIOLATION,UNLAWFUL POSS OF HANDGUN,AIRPORT/AIRCRAFT,True,76,41.976290414,-87.905227221
2004,11,2004-11-29 10:00:00,THEFT,OVER $500,AIRPORT/AIRCRAFT,False,76,41.976290414,-87.905227221
2004,11,2004-11-28 12:00:00,CRIMINAL DAMAGE,TO PROPERTY,AIRPORT/AIRCRAFT,False,76,41.976290414,-87.905227221
2004,11,2004-11-30 05:30:00,CRIMINAL TRESPASS,TO LAND,AIRPORT/AIRCRAFT,False,76,41.976290414,-87.905227221
2004,11,2004-11-19 14:50:00,SEX OFFENSE,PUBLIC INDECENCY,CTA TRAIN,True,76,41.976290414,-87.905227221
2004,11,2004-11-20 14:44:00,CRIMINAL TRESPASS,TO LAND,CTA TRAIN,True,76,41.976290414,-87.905227221
2004,11,2004-11-20 15:16:00,BATTERY,AGG: HANDS/FIST/FEET NO/MINOR INJURY,CTA PLATFORM,True,76,41.976290414,-87.905227221
2004,11,2004-11-30 18:30:00,CRIMINAL DAMAGE,TO VEHICLE,PARKING LOT/GARAGE(NON.RESID.),False,76,41.97855782,-87.836588785
2004,11,2004-11-28 21:30:00,ASSAULT,AGGRAVATED: HANDGUN,DRIVEWAY - RESIDENTIAL,True,76,41.977464942,-87.837700585
2004,11,2004-11-26 21:00:00,OFFENSE INVOLVING CHILDREN,ENDANGERING LIFE/HEALTH CHILD,RESIDENCE,True,76,41.97598431,-87.84503418
2004,11,2004-11-26 10:00:00,CRIMINAL DAMAGE,TO VEHICLE,AIRPORT/AIRCRAFT,False,76,41.976290414,-87.905227221
2004,11,2004-11-30 20:00:00,THEFT,$500 AND UNDER,HOTEL/MOTEL,False,76,41.976290414,-87.905227221
2004,11,2004-11-22 20:15:00,THEFT,OVER $500,AIRPORT/AIRCRAFT,False,76,41.976290414,-87.905227221
2004,11,2004-11-26 06:05:00,NARCOTICS,POSS: CANNABIS 30GMS OR LESS,AIRPORT/AIRCRAFT,True,76,41.976290414,-87.905227221
2004,11,2004-11-23 11:00:00,THEFT,OVER $500,AIRPORT/AIRCRAFT,False,76,41.976290414,-87.905227221
2004,11,2004-11-07 16:00:00,DECEPTIVE PRACTICE,"THEFT BY LESSEE,MOTOR VEH",AIRPORT/AIRCRAFT,True,76,41.976290414,-87.905227221
2004,11,2004-11-04 09:28:00,DECEPTIVE PRACTICE,"THEFT BY LESSEE,MOTOR VEH",AIRPORT/AIRCRAFT,True,76,41.976290414,-87.905227221
2004,11,2004-11-08 14:30:00,DECEPTIVE PRACTICE,"THEFT BY LESSEE,MOTOR VEH",AIRPORT/AIRCRAFT,False,76,41.976290414,-87.905227221
2004,11,2004-11-19 20:30:00,DECEPTIVE PRACTICE,CREDIT CARD FRAUD,AIRPORT/AIRCRAFT,False,76,41.976290414,-87.905227221
2004,11,2004-11-29 11:30:00,LIQUOR LAW VIOLATION,ILLEGAL POSSESSION BY MINOR,"SCHOOL, PUBLIC, BUILDING",True,76,41.973797081,-87.841156435
2004,11,2004-11-07 08:00:00,THEFT,FINANCIAL ID THEFT: OVER $300,COMMERCIAL / BUSINESS OFFICE,False,76,41.981109048,-87.83765393700001
2004,11,2004-11-12 16:30:00,DECEPTIVE PRACTICE,COUNTERFEIT CHECK,CREDIT UNION,False,76,42.008885217,-87.906473187
2004,12,2004-12-12 12:00:00,DECEPTIVE PRACTICE,"THEFT BY LESSEE,MOTOR VEH",AIRPORT/AIRCRAFT,False,76,,
2004,12,2004-12-31 19:50:00,DECEPTIVE PRACTICE,"THEFT BY LESSEE,MOTOR VEH",AIRPORT/AIRCRAFT,True,76,,
2004,12,2004-12-29 08:30:00,NARCOTICS,POSS: SYNTHETIC DRUGS,GOVERNMENT BUILDING/PROPERTY,True,76,,
2004,12,2004-12-02 00:01:00,ASSAULT,SIMPLE,RESIDENCE,False,76,41.977609479,-87.846467101
2004,12,2004-12-01 14:30:00,THEFT,OVER $500,PARKING LOT/GARAGE(NON.RESID.),False,76,41.986930009,-87.84031964399999
2004,12,2004-12-01 18:00:00,THEFT,FROM BUILDING,AIRPORT/AIRCRAFT,False,76,41.976290414,-87.905227221
2004,12,2004-12-02 11:25:00,THEFT,OVER $500,PARKING LOT/GARAGE(NON.RESID.),False,76,41.98734814,-87.84311925200001
2004,12,2004-12-02 08:45:00,CRIMINAL TRESPASS,TO LAND,AIRPORT/AIRCRAFT,False,76,41.976290414,-87.905227221
2004,12,2004-12-02 01:28:00,BATTERY,SIMPLE,PARKING LOT/GARAGE(NON.RESID.),False,76,41.976229202,-87.846481292
2004,12,2004-12-02 08:20:00,BATTERY,DOMESTIC BATTERY SIMPLE,APARTMENT,False,76,41.977438378,-87.839815463
2004,12,2004-12-03 09:00:00,CRIMINAL DAMAGE,TO VEHICLE,PARKING LOT/GARAGE(NON.RESID.),False,76,41.97852489,-87.83658904100001
2004,12,2004-12-03 13:30:00,CRIMINAL DAMAGE,TO VEHICLE,PARKING LOT/GARAGE(NON.RESID.),False,76,41.97852489,-87.83658904100001
2004,12,2004-12-03 23:00:00,BATTERY,DOMESTIC BATTERY SIMPLE,RESIDENCE,False,76,41.97598431,-87.84503418
2004,12,2004-12-03 20:00:00,THEFT,OVER $500,AIRPORT/AIRCRAFT,False,76,41.976290414,-87.905227221
2004,12,2004-12-04 06:20:00,CRIMINAL TRESPASS,TO LAND,AIRPORT/AIRCRAFT,True,76,41.976290414,-87.905227221
2004,12,2004-12-03 14:40:00,THEFT,FINANCIAL ID THEFT:$300 &UNDER,AIRPORT/AIRCRAFT,True,76,41.976290414,-87.905227221
2004,12,2004-12-03 13:45:00,THEFT,OVER $500,AIRPORT/AIRCRAFT,False,76,41.976290414,-87.905227221
2004,12,2004-12-02 21:50:00,CRIMINAL TRESPASS,TO LAND,AIRPORT/AIRCRAFT,True,76,41.976290414,-87.905227221
2004,12,2004-12-04 16:30:00,MOTOR VEHICLE THEFT,AUTOMOBILE,STREET,False,76,41.975890603,-87.83662422299999
2004,12,2004-12-03 23:00:00,THEFT,OVER $500,STREET,False,76,41.977730236,-87.846469859
2004,12,2004-12-03 12:00:00,CRIMINAL DAMAGE,TO VEHICLE,PARKING LOT/GARAGE(NON.RESID.),False,76,41.977609479,-87.846467101
2004,12,2004-12-05 11:15:00,ASSAULT,SIMPLE,RESIDENCE,False,76,41.974157367,-87.84519891299999
2004,12,2004-12-02 15:00:00,THEFT,$500 AND UNDER,AIRPORT/AIRCRAFT,False,76,41.976290414,-87.905227221
2004,12,2004-12-03 22:00:00,BATTERY,AGGRAVATED DOMESTIC BATTERY: OTHER DANG WEAPON,APARTMENT,False,76,41.976840050999996,-87.83661316700001
2004,12,2004-12-06 02:25:00,BATTERY,DOMESTIC BATTERY SIMPLE,RESIDENCE,True,76,41.977848233,-87.84646896
2004,12,2004-12-03 14:45:00,ASSAULT,SIMPLE,AIRPORT/AIRCRAFT,False,76,41.976290414,-87.905227221
2004,12,2004-12-07 18:00:00,THEFT,FROM BUILDING,COMMERCIAL / BUSINESS OFFICE,False,76,41.981015746,-87.842123304
2004,12,2004-12-08 09:40:00,THEFT,$500 AND UNDER,PARKING LOT/GARAGE(NON.RESID.),False,76,41.980974046,-87.844569423
2004,12,2004-12-07 18:20:00,BATTERY,SIMPLE,AIRPORT/AIRCRAFT,False,76,41.976290414,-87.905227221
2004,12,2004-12-07 05:15:00,THEFT,$500 AND UNDER,AIRPORT/AIRCRAFT,False,76,41.976290414,-87.905227221
2004,12,2004-12-08 18:00:00,BATTERY,SIMPLE,COMMERCIAL / BUSINESS OFFICE,False,76,41.981015746,-87.842123304
2004,12,2004-12-09 09:40:00,WEAPONS VIOLATION,UNLAWFUL POSS OF HANDGUN,AIRPORT/AIRCRAFT,True,76,41.976290414,-87.905227221
2004,12,2004-12-08 22:15:00,THEFT,RETAIL THEFT,GROCERY FOOD STORE,False,76,41.976181463,-87.836618285
2004,12,2004-12-09 10:15:00,THEFT,FROM BUILDING,AIRPORT/AIRCRAFT,False,76,41.976290414,-87.905227221
2004,12,2004-12-10 17:00:00,BATTERY,DOMESTIC BATTERY SIMPLE,RESIDENCE,False,76,41.974172015,-87.84155807399999
2004,12,2004-12-08 07:12:00,CRIMINAL TRESPASS,TO LAND,AIRPORT/AIRCRAFT,True,76,41.976290414,-87.905227221
2004,12,2004-12-10 20:00:00,CRIMINAL DAMAGE,TO VEHICLE,STREET,False,76,41.973771478,-87.842226779
2004,12,2004-12-11 10:45:00,BATTERY,DOMESTIC BATTERY SIMPLE,RESIDENCE,False,76,41.977438694,-87.839889014
2004,12,2004-12-10 20:00:00,THEFT,$500 AND UNDER,STREET,False,76,41.973771478,-87.842226779
2004,12,2004-12-11 14:30:00,CRIMINAL TRESPASS,TO VEHICLE,PARKING LOT/GARAGE(NON.RESID.),True,76,41.973774034,-87.84218262899999
2004,12,2004-12-11 17:00:00,THEFT,$500 AND UNDER,AIRPORT/AIRCRAFT,True,76,41.976290414,-87.905227221
2004,12,2004-12-12 19:00:00,THEFT,$500 AND UNDER,STREET,False,76,41.971882590999996,-87.84653278
2004,12,2004-12-13 00:00:00,THEFT,OVER $500,STREET,False,76,41.974333312,-87.84398399
2004,12,2004-12-12 22:00:00,THEFT,$500 AND UNDER,STREET,False,76,41.973754145,-87.84330809
2004,12,2004-12-13 17:20:00,BATTERY,SIMPLE,CTA PLATFORM,False,76,41.984622486,-87.836582104
2004,12,2004-12-12 01:30:00,BATTERY,SIMPLE,HOTEL/MOTEL,False,76,41.986989467,-87.840745861
2004,12,2004-12-11 00:15:00,CRIMINAL TRESPASS,TO LAND,HOTEL/MOTEL,True,76,41.976290414,-87.905227221
2004,12,2004-12-11 01:00:00,THEFT,$500 AND UNDER,PARKING LOT/GARAGE(NON.RESID.),False,76,41.973755963,-87.843091105
2004,12,2004-12-12 20:00:00,THEFT,FROM BUILDING,AIRPORT/AIRCRAFT,False,76,41.976290414,-87.905227221
2004,12,2004-12-15 00:00:00,THEFT,OVER $500,STREET,False,76,41.975073705999996,-87.84579135700001
2004,12,2004-12-14 00:40:00,CRIMINAL TRESPASS,TO AIRPORT,AIRPORT/AIRCRAFT,True,76,41.976290414,-87.905227221
2004,12,2004-12-11 13:40:00,THEFT,$500 AND UNDER,CTA PLATFORM,False,76,41.976290414,-87.905227221
2004,12,2004-12-13 14:00:00,THEFT,$500 AND UNDER,PARKING LOT/GARAGE(NON.RESID.),False,76,41.976290414,-87.905227221
2004,12,2004-12-12 18:00:00,CRIMINAL DAMAGE,TO PROPERTY,RESIDENCE,False,76,41.975135951,-87.842367076
2004,12,2004-12-08 10:00:00,BATTERY,SIMPLE,AIRPORT/AIRCRAFT,False,76,41.976290414,-87.905227221
2004,12,2004-12-13 17:10:00,BATTERY,SIMPLE,CTA PLATFORM,False,76,41.984622486,-87.836582104
2004,12,2004-12-14 00:20:00,ASSAULT,SIMPLE,STREET,False,76,41.976028481,-87.842522036
2004,12,2004-12-12 18:15:00,THEFT,FROM BUILDING,AIRPORT/AIRCRAFT,False,76,41.976290414,-87.905227221
2004,12,2004-12-14 06:00:00,CRIMINAL TRESPASS,TO STATE SUP LAND,AIRPORT/AIRCRAFT,True,76,41.976290414,-87.905227221
2004,12,2004-12-14 08:45:00,CRIMINAL TRESPASS,TO LAND,AIRPORT/AIRCRAFT,True,76,41.976290414,-87.905227221
2004,12,2004-12-13 09:30:00,CRIMINAL DAMAGE,TO PROPERTY,AIRPORT/AIRCRAFT,False,76,41.976290414,-87.905227221
2004,12,2004-12-15 08:31:00,CRIMINAL TRESPASS,TO LAND,AIRPORT/AIRCRAFT,True,76,41.976290414,-87.905227221
2004,12,2004-12-12 09:00:00,THEFT,$500 AND UNDER,AIRPORT/AIRCRAFT,False,76,41.976290414,-87.905227221
2004,12,2004-12-11 06:40:00,NARCOTICS,POSS: CANNABIS 30GMS OR LESS,AIRPORT/AIRCRAFT,True,76,41.976290414,-87.905227221
2004,12,2004-12-16 07:00:00,THEFT,FROM BUILDING,AIRPORT/AIRCRAFT,False,76,41.976290414,-87.905227221
2004,12,2004-12-17 00:00:00,CRIMINAL DAMAGE,TO VEHICLE,STREET,False,76,41.975978414000004,-87.83662354
2004,12,2004-12-16 00:05:00,BATTERY,SIMPLE,AIRPORT/AIRCRAFT,True,76,41.976290414,-87.905227221
2004,12,2004-12-16 23:30:00,THEFT,$500 AND UNDER,STREET,False,76,41.974256786,-87.842770999
2004,12,2004-12-15 12:00:00,BATTERY,SIMPLE,OTHER,False,76,41.981004667,-87.842741275
2004,12,2004-12-17 16:45:00,CRIMINAL DAMAGE,TO PROPERTY,RESIDENCE,False,76,41.973755963,-87.843091105
2004,12,2004-12-16 17:00:00,THEFT,OVER $500,COMMERCIAL / BUSINESS OFFICE,False,76,41.98734814,-87.84311925200001
2004,12,2004-12-18 13:00:00,THEFT,$500 AND UNDER,PARKING LOT/GARAGE(NON.RESID.),False,76,41.97855782,-87.836588785
2004,12,2004-12-16 10:00:00,CRIMINAL TRESPASS,TO LAND,AIRPORT/AIRCRAFT,True,76,41.976290414,-87.905227221
2004,12,2004-12-17 01:15:00,CRIMINAL TRESPASS,TO AIRPORT,AIRPORT/AIRCRAFT,True,76,41.976290414,-87.905227221
2004,12,2004-12-17 06:00:00,CRIMINAL DAMAGE,TO VEHICLE,AIRPORT/AIRCRAFT,False,76,41.976290414,-87.905227221
2004,12,2004-12-17 11:50:00,DECEPTIVE PRACTICE,THEFT OF LABOR/SERVICES,AIRPORT/AIRCRAFT,True,76,41.976290414,-87.905227221
2004,12,2004-12-18 15:30:00,THEFT,POCKET-PICKING,AIRPORT/AIRCRAFT,False,76,41.976290414,-87.905227221
2004,12,2004-12-18 22:30:00,THEFT,$500 AND UNDER,RESIDENCE,False,76,41.963725526,-87.83917121399999
2004,12,2004-12-19 11:00:00,THEFT,FROM BUILDING,AIRPORT/AIRCRAFT,False,76,41.976290414,-87.905227221
2004,12,2004-12-19 16:45:00,BATTERY,DOMESTIC BATTERY SIMPLE,STREET,False,76,41.977432089000004,-87.84026786700001
2004,12,2004-12-19 15:55:00,BATTERY,SIMPLE,CTA BUS,False,76,41.937573194,-87.835381684
2004,12,2004-12-19 17:29:37,BATTERY,DOMESTIC BATTERY SIMPLE,RESIDENCE,False,76,41.962155171,-87.844786808
2004,12,2004-12-19 16:00:00,ASSAULT,SIMPLE,RESIDENCE,True,76,41.978346459,-87.839756963
2004,12,2004-12-19 09:00:00,THEFT,$500 AND UNDER,STREET,False,76,41.975990696,-87.84460017399999
2004,12,2004-12-21 22:00:00,THEFT,OVER $500,STREET,False,76,41.977436377,-87.83998833
2004,12,2004-12-18 22:40:00,CRIMINAL TRESPASS,TO AIRPORT,AIRPORT/AIRCRAFT,True,76,41.976290414,-87.905227221
2004,12,2004-12-18 17:40:00,ASSAULT,SIMPLE,AIRPORT/AIRCRAFT,True,76,41.976290414,-87.905227221
2004,12,2004-12-19 08:40:00,CRIMINAL TRESPASS,TO LAND,AIRPORT/AIRCRAFT,True,76,41.976290414,-87.905227221
2004,12,2004-12-18 10:45:00,THEFT,$500 AND UNDER,AIRPORT/AIRCRAFT,False,76,41.976290414,-87.905227221
2004,12,2004-12-22 02:45:00,BATTERY,DOMESTIC BATTERY SIMPLE,RESIDENCE,False,76,41.971514895,-87.846539257
2004,12,2004-12-10 13:00:00,DECEPTIVE PRACTICE,STOLEN PROP: BUY/RECEIVE/POS.,RESIDENCE,True,76,41.962172314,-87.84173124700001
2004,12,2004-12-19 12:30:00,CRIMINAL TRESPASS,TO LAND,AIRPORT/AIRCRAFT,True,76,41.976290414,-87.905227221
2004,12,2004-12-22 09:00:00,THEFT,$500 AND UNDER,AIRPORT/AIRCRAFT,False,76,41.976290414,-87.905227221
2004,12,2004-12-22 23:55:00,BATTERY,SIMPLE,AIRPORT/AIRCRAFT,True,76,41.976290414,-87.905227221
2004,12,2004-12-22 21:15:00,DECEPTIVE PRACTICE,THEFT OF LABOR/SERVICES,CTA GARAGE / OTHER PROPERTY,True,76,41.984622486,-87.836582104
2004,12,2004-12-23 12:39:00,THEFT,$500 AND UNDER,GROCERY FOOD STORE,False,76,41.96496068,-87.83668706799999
2004,12,2004-12-24 12:00:00,THEFT,FROM BUILDING,APARTMENT,False,76,41.977609479,-87.846467101
2004,12,2004-12-24 09:30:00,BATTERY,DOMESTIC BATTERY SIMPLE,RESIDENCE,False,76,41.971514895,-87.846539257
2004,12,2004-12-23 18:00:00,THEFT,OVER $500,AIRPORT/AIRCRAFT,False,76,41.976290414,-87.905227221
2004,12,2004-12-24 22:58:33,BATTERY,DOMESTIC BATTERY SIMPLE,ALLEY,True,76,41.981045222,-87.840037709
2004,12,2004-12-19 18:00:00,THEFT,OVER $500,AIRPORT/AIRCRAFT,False,76,41.976290414,-87.905227221
2004,12,2004-12-27 21:00:00,OTHER OFFENSE,HARASSMENT BY TELEPHONE,RESIDENCE,False,76,41.97034165,-87.841046977
2004,12,2004-12-10 05:30:00,NARCOTICS,POSS: CANNABIS 30GMS OR LESS,AIRPORT/AIRCRAFT,True,76,41.976290414,-87.905227221
2004,12,2004-12-17 07:30:00,NARCOTICS,FOUND SUSPECT NARCOTICS,AIRPORT/AIRCRAFT,True,76,41.976290414,-87.905227221
2004,12,2004-12-27 10:10:00,BATTERY,SIMPLE,RESIDENCE,False,76,41.98110429,-87.837823157
2004,12,2004-12-27 04:00:00,THEFT,OVER $500,PARKING LOT/GARAGE(NON.RESID.),False,76,41.974237268,-87.843984726
2004,12,2004-12-26 11:51:00,MOTOR VEHICLE THEFT,AUTOMOBILE,STREET,False,76,41.976290414,-87.905227221
2004,12,2004-12-22 18:50:00,THEFT,FROM BUILDING,AIRPORT/AIRCRAFT,False,76,41.976290414,-87.905227221
2004,12,2004-12-27 05:00:00,THEFT,OVER $500,AIRPORT/AIRCRAFT,False,76,41.976290414,-87.905227221
2004,12,2004-12-24 21:15:00,THEFT,OVER $500,AIRPORT/AIRCRAFT,False,76,41.976290414,-87.905227221
2004,12,2004-12-28 11:36:00,PUBLIC PEACE VIOLATION,BOMB THREAT,AIRPORT/AIRCRAFT,False,76,41.976290414,-87.905227221
2004,12,2004-12-26 07:52:00,CRIMINAL TRESPASS,TO LAND,AIRPORT/AIRCRAFT,True,76,41.976290414,-87.905227221
2004,12,2004-12-28 21:45:00,ASSAULT,SIMPLE,RESIDENCE,False,76,41.980153495,-87.84007033700001
2004,12,2004-12-28 03:00:00,OTHER OFFENSE,HARASSMENT BY TELEPHONE,RESIDENCE,False,76,41.974284227,-87.842770788
2004,12,2004-12-26 22:00:00,THEFT,OVER $500,AIRPORT/AIRCRAFT,False,76,41.976290414,-87.905227221
2004,12,2004-12-27 18:30:00,THEFT,POCKET-PICKING,AIRPORT/AIRCRAFT,False,76,41.976290414,-87.905227221
2004,12,2004-12-27 17:30:00,THEFT,OVER $500,AIRPORT/AIRCRAFT,False,76,41.976290414,-87.905227221
2004,12,2004-12-21 13:30:00,THEFT,$500 AND UNDER,CTA PLATFORM,False,76,41.976290414,-87.905227221
2004,12,2004-12-27 19:05:00,THEFT,$500 AND UNDER,AIRPORT/AIRCRAFT,False,76,41.976290414,-87.905227221
2004,12,2004-12-22 11:53:00,DECEPTIVE PRACTICE,COUNTERFEIT CHECK,BANK,True,76,41.986930009,-87.84031964399999
2004,12,2004-12-30 08:00:00,THEFT,$500 AND UNDER,PARKING LOT/GARAGE(NON.RESID.),False,76,41.987384881,-87.843369092
2004,12,2004-12-27 21:15:00,THEFT,$500 AND UNDER,AIRPORT/AIRCRAFT,False,76,41.976290414,-87.905227221
2004,12,2004-12-29 09:45:00,THEFT,OVER $500,AIRPORT/AIRCRAFT,False,76,41.976290414,-87.905227221
2004,12,2004-12-29 21:45:00,CRIMINAL TRESPASS,TO LAND,AIRPORT/AIRCRAFT,True,76,41.976290414,-87.905227221
2004,12,2004-12-30 17:15:00,THEFT,RETAIL THEFT,GROCERY FOOD STORE,True,76,41.965720818,-87.83668484100001
2004,12,2004-12-21 08:00:00,THEFT,OVER $500,SIDEWALK,False,76,41.976290414,-87.905227221
2004,12,2004-12-31 10:15:00,THEFT,OVER $500,PARKING LOT/GARAGE(NON.RESID.),False,76,41.97855782,-87.836588785
2004,12,2004-12-14 15:30:00,THEFT,FROM BUILDING,RESIDENCE PORCH/HALLWAY,False,76,41.964271421999996,-87.837850654
2004,12,2004-12-30 08:00:00,CRIMINAL TRESPASS,TO LAND,AIRPORT/AIRCRAFT,True,76,41.976290414,-87.905227221
2004,12,2004-12-30 14:15:00,CRIMINAL TRESPASS,TO LAND,AIRPORT/AIRCRAFT,True,76,41.976290414,-87.905227221
2004,12,2004-12-30 16:35:00,THEFT,$500 AND UNDER,AIRPORT/AIRCRAFT,False,76,41.976290414,-87.905227221
2004,12,2004-12-31 12:15:00,THEFT,ATTEMPT THEFT,AIRPORT/AIRCRAFT,False,76,41.976290414,-87.905227221
2004,12,2004-12-24 17:00:00,THEFT,POCKET-PICKING,AIRPORT/AIRCRAFT,False,76,41.976290414,-87.905227221
2004,12,2004-12-29 06:15:00,THEFT,FROM BUILDING,AIRPORT/AIRCRAFT,False,76,41.976290414,-87.905227221
2004,12,2004-12-30 00:01:00,CRIMINAL DAMAGE,TO PROPERTY,AIRPORT/AIRCRAFT,False,76,41.976290414,-87.905227221
2004,12,2004-12-20 15:30:00,THEFT,POCKET-PICKING,AIRPORT/AIRCRAFT,False,76,41.976290414,-87.905227221
2004,12,2004-12-20 16:00:00,THEFT,$500 AND UNDER,AIRPORT/AIRCRAFT,False,76,41.976290414,-87.905227221
2004,12,2004-12-16 15:30:00,NARCOTICS,POSS: CANNABIS MORE THAN 30GMS,AIRPORT/AIRCRAFT,True,76,41.976290414,-87.905227221
2004,12,2004-12-20 14:00:00,DECEPTIVE PRACTICE,CREDIT CARD FRAUD,PARKING LOT/GARAGE(NON.RESID.),False,76,41.976290414,-87.905227221
2004,12,2004-12-22 17:00:00,CRIMINAL DAMAGE,TO PROPERTY,OTHER,False,76,41.981480365,-87.83658078200001
2004,12,2004-12-25 22:00:00,OTHER OFFENSE,TELEPHONE THREAT,RESIDENCE,False,76,41.974256786,-87.842770999
2004,12,2004-12-24 12:00:00,THEFT,POCKET-PICKING,AIRPORT/AIRCRAFT,False,76,41.976290414,-87.905227221
2004,12,2004-12-04 18:07:00,DECEPTIVE PRACTICE,"THEFT BY LESSEE,MOTOR VEH",AIRPORT/AIRCRAFT,False,76,41.976290414,-87.905227221
2004,12,2004-12-14 10:30:00,DECEPTIVE PRACTICE,FRAUD OR CONFIDENCE GAME,BANK,False,76,41.980974046,-87.844569423
2004,12,2004-12-11 10:00:00,THEFT,OVER $500,AIRPORT/AIRCRAFT,False,76,41.976290414,-87.905227221
2004,12,2004-12-26 19:10:00,THEFT,FROM BUILDING,AIRPORT/AIRCRAFT,False,76,41.976290414,-87.905227221
2004,12,2004-12-03 14:30:00,NARCOTICS,POSS: CANNABIS 30GMS OR LESS,AIRPORT/AIRCRAFT,True,76,41.976290414,-87.905227221
2004,12,2004-12-26 12:30:00,DECEPTIVE PRACTICE,"THEFT BY LESSEE,MOTOR VEH",AIRPORT/AIRCRAFT,False,76,41.976290414,-87.905227221
2004,12,2004-12-14 06:30:00,NARCOTICS,POSS: CANNABIS 30GMS OR LESS,AIRPORT/AIRCRAFT,True,76,41.976290414,-87.905227221
2004,12,2004-12-15 05:00:00,THEFT,POCKET-PICKING,CTA TRAIN,False,76,41.976290414,-87.905227221
2004,12,2004-12-01 12:00:00,THEFT,FINANCIAL ID THEFT:$300 &UNDER,RESIDENCE,False,76,41.963509008,-87.83669098799999
2004,12,2004-12-24 04:00:00,THEFT,FROM BUILDING,AIRPORT/AIRCRAFT,False,76,41.976290414,-87.905227221
2004,12,2004-12-28 15:00:00,MOTOR VEHICLE THEFT,AUTOMOBILE,AIRPORT/AIRCRAFT,False,76,41.976290414,-87.905227221
