Year,Month,Date,Primary Type,Description,Location Description,Arrest,Community Area,Latitude,Longitude
2006,1,2006-01-01 00:00:00,CRIM SEXUAL ASSAULT,PREDATORY,RESIDENCE,False,62,,
2006,1,2006-01-01 00:01:00,THEFT,FINANCIAL ID THEFT: OVER $300,RESIDENCE,False,62,,
2006,1,2006-01-01 22:00:00,CRIMINAL DAMAGE,TO VEHICLE,STREET,False,62,41.789434524,-87.73726625299999
2006,1,2006-01-01 21:40:00,ASSAULT,AGGRAVATED: OTHER DANG WEAPON,PARKING LOT/GARAGE(NON.RESID.),False,62,41.792022237,-87.723124085
2006,1,2006-01-01 22:00:00,CRIMINAL DAMAGE,TO PROPERTY,STREET,False,62,41.788657627,-87.730379731
2006,1,2006-01-01 18:15:00,BATTERY,DOMESTIC BATTERY SIMPLE,STREET,True,62,41.792332803,-87.730488305
2006,1,2006-01-01 18:30:00,THEFT,RETAIL THEFT,GROCERY FOOD STORE,True,62,41.796216156999996,-87.723245665
2006,1,2006-01-01 17:00:00,CRIMINAL DAMAGE,TO VEHICLE,CTA GARAGE / OTHER PROPERTY,False,62,41.800464977,-87.723370404
2006,1,2006-01-02 16:30:00,MOTOR VEHICLE THEFT,AUTOMOBILE,PARKING LOT/GARAGE(NON.RESID.),False,62,41.79826919,-87.723303209
2006,1,2006-01-02 19:20:00,BATTERY,DOMESTIC BATTERY SIMPLE,APARTMENT,True,62,41.786039529,-87.716415718
2006,1,2006-01-03 15:10:00,THEFT,RETAIL THEFT,SMALL RETAIL STORE,False,62,41.793271516,-87.718608995
2006,1,2006-01-04 15:30:00,BATTERY,AGGRAVATED: OTHER DANG WEAPON,SIDEWALK,False,62,41.794308583,-87.72319041200001
2006,1,2006-01-01 00:01:00,OFFENSE INVOLVING CHILDREN,CHILD ABUSE,RESIDENCE,False,62,41.79332648,-87.715044013
2006,1,2006-01-05 21:00:00,ASSAULT,AGGRAVATED:KNIFE/CUTTING INSTR,RESIDENCE,True,62,41.788725421,-87.71934546799999
2006,1,2006-01-05 09:15:00,THEFT,RETAIL THEFT,GROCERY FOOD STORE,True,62,41.796216156999996,-87.723245665
2006,1,2006-01-04 21:00:00,THEFT,OVER $500,STREET,False,62,41.792653959,-87.734174398
2006,1,2006-01-03 23:00:00,CRIMINAL DAMAGE,CRIMINAL DEFACEMENT,OTHER,False,62,41.799342386,-87.72333704
2006,1,2006-01-04 17:30:00,MOTOR VEHICLE THEFT,AUTOMOBILE,PARKING LOT/GARAGE(NON.RESID.),False,62,41.79639731,-87.723251281
2006,1,2006-01-06 08:00:00,THEFT,OVER $500,PARKING LOT/GARAGE(NON.RESID.),False,62,41.800464977,-87.723370404
2006,1,2006-01-07 06:00:00,OTHER OFFENSE,OTHER VEHICLE OFFENSE,STREET,False,62,41.7858167,-87.734465398
2006,1,2006-01-07 17:00:00,BURGLARY,FORCIBLE ENTRY,RESIDENCE-GARAGE,False,62,41.789672147,-87.716773251
2006,1,2006-01-08 08:15:00,BATTERY,AGGRAVATED: OTHER DANG WEAPON,SIDEWALK,False,62,41.785817063,-87.734535062
2006,1,2006-01-08 13:10:00,ASSAULT,SIMPLE,STREET,True,62,41.794042342,-87.723181935
2006,1,2006-01-09 06:30:00,CRIMINAL DAMAGE,TO VEHICLE,STREET,False,62,41.792184469,-87.72681162100001
2006,1,2006-01-09 09:00:00,CRIMINAL DAMAGE,TO PROPERTY,RESIDENCE,False,62,41.793130613,-87.73138661
2006,1,2006-01-08 17:00:00,PUBLIC PEACE VIOLATION,ARSON THREAT,RESIDENCE,False,62,41.796102162,-87.718336237
2006,1,2006-01-09 13:10:00,THEFT,PURSE-SNATCHING,RESTAURANT,False,62,41.799465892,-87.723339536
2006,1,2006-01-07 21:15:00,OTHER OFFENSE,FALSE/STOLEN/ALTERED TRP,VEHICLE NON-COMMERCIAL,True,62,41.800464977,-87.723370404
2006,1,2006-01-09 20:00:00,ASSAULT,SIMPLE,RESIDENCE,False,62,41.788692978,-87.721494565
2006,1,2006-01-10 14:50:00,ASSAULT,AGGRAVATED:KNIFE/CUTTING INSTR,CURRENCY EXCHANGE,True,62,41.796342408,-87.723248135
2006,1,2006-01-09 08:00:00,CRIMINAL DAMAGE,TO VEHICLE,STREET,False,62,41.792184469,-87.72681162100001
2006,1,2006-01-07 17:30:00,THEFT,OVER $500,ALLEY,False,62,41.789434524,-87.73726625299999
2006,1,2006-01-09 13:15:00,ASSAULT,SIMPLE,RESTAURANT,False,62,41.799323177,-87.72333722200001
2006,1,2006-01-10 18:15:00,CRIMINAL DAMAGE,TO PROPERTY,STREET,False,62,41.79419645,-87.730540518
2006,1,2006-01-10 16:30:00,THEFT,$500 AND UNDER,PARKING LOT/GARAGE(NON.RESID.),False,62,41.786604266,-87.722984793
2006,1,2006-01-05 11:00:00,THEFT,OVER $500,STREET,False,62,41.793195879,-87.72398573
2006,1,2006-01-07 13:00:00,DECEPTIVE PRACTICE,BOGUS CHECK,RESIDENCE,False,62,41.794046445,-87.735444942
2006,1,2006-01-12 21:00:00,MOTOR VEHICLE THEFT,AUTOMOBILE,STREET,False,62,41.788635709,-87.726218038
2006,1,2006-01-12 10:30:00,MOTOR VEHICLE THEFT,AUTOMOBILE,MOVIE HOUSE/THEATER,False,62,41.79826919,-87.723303209
2006,1,2006-01-07 21:00:00,CRIMINAL DAMAGE,CRIMINAL DEFACEMENT,CTA TRAIN,False,62,41.785519673,-87.738567526
2006,1,2006-01-13 18:00:00,CRIMINAL DAMAGE,TO VEHICLE,VEHICLE NON-COMMERCIAL,False,62,41.792344705,-87.735391083
2006,1,2006-01-12 12:45:00,CRIMINAL DAMAGE,CRIMINAL DEFACEMENT,STREET,False,62,41.791380199,-87.724699662
2006,1,2006-01-13 00:00:00,THEFT,FROM BUILDING,APARTMENT,False,62,41.795986927,-87.73549658600001
2006,1,2006-01-14 17:45:00,CRIMINAL DAMAGE,TO VEHICLE,STREET,False,62,41.790609141,-87.73411276700001
2006,1,2006-01-13 15:45:00,THEFT,$500 AND UNDER,PARKING LOT/GARAGE(NON.RESID.),False,62,41.794440341,-87.723196496
2006,1,2006-01-14 22:00:00,MOTOR VEHICLE THEFT,AUTOMOBILE,STREET,False,62,41.790623907,-87.71412757
2006,1,2006-01-11 06:30:00,THEFT,OVER $500,VEHICLE NON-COMMERCIAL,False,62,41.791259885,-87.737344685
2006,1,2006-01-16 02:26:00,BURGLARY,FORCIBLE ENTRY,"SCHOOL, PUBLIC, BUILDING",False,62,41.791380199,-87.724699662
2006,1,2006-01-15 15:55:00,CRIMINAL TRESPASS,TO LAND,RESTAURANT,True,62,41.797201502,-87.723272993
2006,1,2006-01-15 23:00:00,BURGLARY,FORCIBLE ENTRY,GAS STATION,False,62,41.793115777,-87.73327165100001
2006,1,2006-01-15 08:30:00,CRIMINAL DAMAGE,TO VEHICLE,PARKING LOT/GARAGE(NON.RESID.),False,62,41.793078691,-87.737217823
2006,1,2006-01-02 14:00:00,DECEPTIVE PRACTICE,BOGUS CHECK,RESIDENCE,True,62,41.791495766,-87.71652475200001
2006,1,2006-01-15 22:00:00,CRIMINAL DAMAGE,TO PROPERTY,STREET,False,62,41.794266872,-87.72931868399999
2006,1,2006-01-15 21:30:00,CRIMINAL DAMAGE,TO VEHICLE,STREET,False,62,41.794077486999996,-87.72931312700001
2006,1,2006-01-16 21:25:00,CRIMINAL DAMAGE,TO VEHICLE,STREET,False,62,41.797917498000004,-87.719617141
2006,1,2006-01-02 12:00:00,CRIMINAL DAMAGE,TO VEHICLE,STREET,False,62,41.796421624000004,-87.719572735
2006,1,2006-01-17 01:15:00,CRIMINAL DAMAGE,TO VEHICLE,STREET,False,62,41.798287516,-87.71594619
2006,1,2006-01-15 20:50:00,THEFT,$500 AND UNDER,HOTEL/MOTEL,True,62,41.79639731,-87.723251281
2006,1,2006-01-17 00:00:00,CRIMINAL DAMAGE,TO VEHICLE,STREET,False,62,41.790698766,-87.736568815
2006,1,2006-01-16 21:00:00,CRIMINAL DAMAGE,TO VEHICLE,STREET,False,62,41.790476432,-87.736559876
2006,1,2006-01-16 21:00:00,CRIMINAL DAMAGE,TO VEHICLE,STREET,False,62,41.790512125,-87.73656321200001
2006,1,2006-01-16 21:30:00,CRIMINAL DAMAGE,TO VEHICLE,STREET,False,62,41.797917498000004,-87.719617141
2006,1,2006-01-16 17:30:00,ROBBERY,ARMED:KNIFE/CUTTING INSTRUMENT,SIDEWALK,False,62,41.786070396999996,-87.714501392
2006,1,2006-01-16 21:15:00,DECEPTIVE PRACTICE,BOGUS CHECK,GROCERY FOOD STORE,True,62,41.79798376,-87.72329858100001
2006,1,2006-01-16 19:00:00,CRIMINAL DAMAGE,TO PROPERTY,RESIDENCE,False,62,41.792496598,-87.732943721
2006,1,2006-01-16 20:00:00,CRIMINAL DAMAGE,TO VEHICLE,STREET,False,62,41.790792085999996,-87.736571616
2006,1,2006-01-17 20:00:00,CRIMINAL DAMAGE,TO PROPERTY,RESIDENCE-GARAGE,False,62,41.789563826,-87.724247477
2006,1,2006-01-15 14:30:00,CRIMINAL DAMAGE,TO VEHICLE,CTA GARAGE / OTHER PROPERTY,False,62,41.785519673,-87.738567526
2006,1,2006-01-17 19:20:00,CRIMINAL DAMAGE,TO PROPERTY,RESIDENCE,True,62,41.787002551,-87.733999682
2006,1,2006-01-16 22:00:00,MOTOR VEHICLE THEFT,"TRUCK, BUS, MOTOR HOME",STREET,False,62,41.787890006,-87.714527895
2006,1,2006-01-18 16:15:00,ASSAULT,SIMPLE,RESTAURANT,True,62,41.799323177,-87.72333722200001
2006,1,2006-01-18 13:30:00,BATTERY,SIMPLE,SIDEWALK,False,62,41.787604586,-87.71810211299999
2006,1,2006-01-19 02:30:00,CRIMINAL DAMAGE,TO VEHICLE,STREET,False,62,41.794631046,-87.735457845
2006,1,2006-01-19 09:00:00,BURGLARY,FORCIBLE ENTRY,RESIDENCE-GARAGE,False,62,41.795856046,-87.729362439
2006,1,2006-01-16 19:20:00,ASSAULT,AGGRAVATED: HANDGUN,STREET,False,62,41.79321263,-87.722489382
2006,1,2006-01-19 14:50:00,ASSAULT,SIMPLE,SIDEWALK,False,62,41.787818204000004,-87.719046111
2006,1,2006-01-19 15:00:00,ASSAULT,SIMPLE,"SCHOOL, PUBLIC, GROUNDS",False,62,41.788725813,-87.719418802
2006,1,2006-01-19 10:20:00,THEFT,FROM BUILDING,"SCHOOL, PUBLIC, BUILDING",False,62,41.791380199,-87.724699662
2006,1,2006-01-12 16:00:00,THEFT,FROM BUILDING,RESIDENCE,False,62,41.793103991,-87.734694606
2006,1,2006-01-18 20:00:00,BATTERY,DOMESTIC BATTERY SIMPLE,RESIDENCE,False,62,41.790554239,-87.73410961100001
2006,1,2006-01-16 19:18:00,WEAPONS VIOLATION,UNLAWFUL POSS OF HANDGUN,STREET,True,62,41.792972612,-87.720705775
2006,1,2006-01-11 00:01:00,DECEPTIVE PRACTICE,COUNTERFEIT CHECK,BANK,True,62,41.79639731,-87.723251281
2006,1,2006-01-20 17:00:00,THEFT,FROM BUILDING,"SCHOOL, PUBLIC, BUILDING",False,62,41.791380199,-87.724699662
2006,1,2006-01-20 08:25:00,ROBBERY,STRONGARM - NO WEAPON,ALLEY,False,62,41.800070408,-87.72090590399999
2006,1,2006-01-20 22:30:00,CRIMINAL DAMAGE,TO VEHICLE,STREET,False,62,41.790457222,-87.736560054
2006,1,2006-01-21 07:00:00,MOTOR VEHICLE THEFT,AUTOMOBILE,STREET,False,62,41.800464977,-87.723370404
2006,1,2006-01-22 00:40:00,BATTERY,DOMESTIC BATTERY SIMPLE,RESIDENCE,True,62,41.800580831,-87.72141816799999
2006,1,2006-01-22 05:25:00,ASSAULT,SIMPLE,PARKING LOT/GARAGE(NON.RESID.),False,62,41.794314014,-87.71394903299999
2006,1,2006-01-21 13:30:00,THEFT,$500 AND UNDER,CTA GARAGE / OTHER PROPERTY,False,62,41.799808989,-87.723350952
2006,1,2006-01-21 16:00:00,BURGLARY,FORCIBLE ENTRY,RESIDENCE-GARAGE,False,62,41.798085979,-87.720847782
2006,1,2006-01-21 20:30:00,CRIMINAL DAMAGE,CRIMINAL DEFACEMENT,RESIDENCE-GARAGE,False,62,41.786939896999996,-87.716971769
2006,1,2006-01-21 18:00:00,CRIMINAL DAMAGE,CRIMINAL DEFACEMENT,RESIDENCE-GARAGE,False,62,41.786004965,-87.71867108200001
2006,1,2006-01-21 23:45:00,CRIMINAL DAMAGE,CRIMINAL DEFACEMENT,RESIDENCE-GARAGE,False,62,41.786913456,-87.718695405
2006,1,2006-01-22 22:45:00,BURGLARY,UNLAWFUL ENTRY,MEDICAL/DENTAL OFFICE,False,62,41.794363486,-87.72319355799999
2006,1,2006-01-23 18:00:00,ASSAULT,SIMPLE,RESTAURANT,False,62,41.790820084,-87.72309515
2006,1,2006-01-23 07:09:00,THEFT,OVER $500,CTA GARAGE / OTHER PROPERTY,False,62,41.800464977,-87.723370404
2006,1,2006-01-23 18:15:00,ASSAULT,SIMPLE,RESTAURANT,True,62,41.790820084,-87.72309515
2006,1,2006-01-25 05:30:00,THEFT,OVER $500,PARKING LOT/GARAGE(NON.RESID.),False,62,41.800464977,-87.723370404
2006,1,2006-01-26 12:45:00,BURGLARY,UNLAWFUL ENTRY,RESIDENCE-GARAGE,True,62,41.796459541,-87.71589405600001
2006,1,2006-01-27 18:20:00,THEFT,RETAIL THEFT,DEPARTMENT STORE,False,62,41.799323177,-87.72333722200001
2006,1,2006-01-27 07:00:00,THEFT,$500 AND UNDER,STREET,False,62,41.79318416,-87.72591841799999
2006,1,2006-01-27 21:30:00,CRIMINAL DAMAGE,TO VEHICLE,STREET,False,62,41.794289771,-87.730543311
2006,1,2006-01-26 19:00:00,BURGLARY,FORCIBLE ENTRY,RESIDENCE-GARAGE,False,62,41.78695405,-87.735224836
2006,1,2006-01-24 16:00:00,DECEPTIVE PRACTICE,THEFT OF LABOR/SERVICES,CTA PLATFORM,True,62,41.785519673,-87.738567526
2006,1,2006-01-29 08:55:00,OTHER OFFENSE,HARASSMENT BY TELEPHONE,RESIDENCE,False,62,41.786815325999996,-87.72604454200001
2006,1,2006-01-28 19:15:00,MOTOR VEHICLE THEFT,AUTOMOBILE,PARKING LOT/GARAGE(NON.RESID.),False,62,41.79826919,-87.723303209
2006,1,2006-01-28 23:26:52,ASSAULT,AGGRAVATED: OTHER DANG WEAPON,STREET,False,62,41.793201348000004,-87.723464946
2006,1,2006-01-29 20:00:00,THEFT,$500 AND UNDER,STREET,False,62,41.788766124,-87.716697594
2006,1,2006-01-29 21:25:00,CRIMINAL DAMAGE,TO VEHICLE,STREET,False,62,41.787184653000004,-87.718091461
2006,1,2006-01-24 16:00:00,CRIMINAL DAMAGE,CRIMINAL DEFACEMENT,CONSTRUCTION SITE,False,62,41.79660631,-87.73428428
2006,1,2006-01-30 20:30:00,THEFT,OVER $500,STREET,False,62,41.794435035,-87.71706132
2006,1,2006-01-30 22:00:00,CRIMINAL DAMAGE,TO PROPERTY,RESIDENCE-GARAGE,False,62,41.794465305,-87.72687446399999
2006,1,2006-01-31 22:30:00,CRIMINAL DAMAGE,TO VEHICLE,STREET,False,62,41.794266872,-87.72931868399999
2006,1,2006-01-31 23:00:00,MOTOR VEHICLE THEFT,AUTOMOBILE,STREET,False,62,41.795683196,-87.733035001
2006,1,2006-01-31 23:00:00,CRIMINAL DAMAGE,TO VEHICLE,STREET,False,62,41.790599058000005,-87.73533763299999
2006,1,2006-01-26 11:50:00,BATTERY,DOMESTIC BATTERY SIMPLE,APARTMENT,False,62,41.793189683,-87.724887903
2006,1,2006-01-23 12:45:00,BATTERY,SIMPLE,CTA GARAGE / OTHER PROPERTY,False,62,41.799808989,-87.723350952
2006,1,2006-01-28 11:50:00,THEFT,ATTEMPT THEFT,CHA PARKING LOT/GROUNDS,True,62,41.799808989,-87.723350952
2006,1,2006-01-30 18:30:00,THEFT,$500 AND UNDER,RESTAURANT,False,62,41.800464977,-87.723370404
2006,1,2006-01-27 11:37:00,OTHER OFFENSE,HARASSMENT BY TELEPHONE,RESIDENCE,False,62,41.7932606,-87.7191335
2006,1,2006-01-29 04:00:00,CRIMINAL DAMAGE,CRIMINAL DEFACEMENT,CTA PLATFORM,False,62,41.799808989,-87.723350952
2006,1,2006-01-05 04:00:00,CRIMINAL DAMAGE,TO VEHICLE,STREET,False,62,41.795674963,-87.73303507799999
2006,1,2006-01-26 17:10:00,CRIMINAL DAMAGE,CRIMINAL DEFACEMENT,CTA TRAIN,True,62,41.799808989,-87.723350952
2006,1,2006-01-26 20:00:00,CRIMINAL DAMAGE,TO VEHICLE,STREET,False,62,41.787783159,-87.721220871
2006,1,2006-01-31 11:40:00,CRIMINAL DAMAGE,TO PROPERTY,RESIDENCE,False,62,41.793132608,-87.73124357299999
2006,1,2006-01-31 13:00:00,CRIMINAL DAMAGE,TO VEHICLE,PARKING LOT/GARAGE(NON.RESID.),False,62,41.797228943,-87.72327273299999
2006,1,2006-01-31 21:00:00,CRIMINAL DAMAGE,CRIMINAL DEFACEMENT,RESIDENCE-GARAGE,True,62,41.79797078,-87.714713316
2006,1,2006-01-19 12:00:00,THEFT,FINANCIAL ID THEFT: OVER $300,APARTMENT,False,62,41.793180416,-87.726248495
2006,1,2006-01-21 13:36:24,NARCOTICS,POSS: CANNABIS 30GMS OR LESS,STREET,True,62,41.788896082,-87.72304739299999
2006,1,2006-01-07 23:00:58,NARCOTICS,POSS: CANNABIS 30GMS OR LESS,STREET,True,62,41.796325943,-87.723248291
2006,1,2006-01-22 21:31:25,NARCOTICS,POSS: CANNABIS 30GMS OR LESS,SIDEWALK,True,62,41.786043954,-87.71621767200001
2006,1,2006-01-04 21:53:50,NARCOTICS,POSS: CANNABIS MORE THAN 30GMS,STREET,True,62,41.788308658000005,-87.723019963
2006,1,2006-01-20 02:00:00,CRIMINAL DAMAGE,TO VEHICLE,STREET,False,62,41.798142557,-87.71962232799999
2006,1,2006-01-22 20:26:45,NARCOTICS,POSS: CANNABIS 30GMS OR LESS,SIDEWALK,True,62,41.787680929000004,-87.71341519399999
2006,1,2006-01-09 21:01:00,NARCOTICS,POSS: CANNABIS 30GMS OR LESS,STREET,True,62,41.79826919,-87.723303209
2006,1,2006-01-18 09:00:00,CRIMINAL DAMAGE,CRIMINAL DEFACEMENT,SIDEWALK,False,62,41.786423093,-87.722975512
2006,1,2006-01-10 17:00:00,THEFT,FROM BUILDING,RESIDENCE,False,62,41.801578357,-87.71602829700001
2006,1,2006-01-19 07:10:00,CRIMINAL DAMAGE,CRIMINAL DEFACEMENT,SIDEWALK,False,62,41.786423093,-87.722975512
2006,1,2006-01-07 12:00:00,THEFT,POCKET-PICKING,GROCERY FOOD STORE,False,62,41.799413753,-87.723340031
2006,1,2006-01-01 00:00:00,CRIM SEXUAL ASSAULT,NON-AGGRAVATED,RESIDENCE,False,62,41.787720304000004,-87.726443018
2006,1,2006-01-08 00:00:00,DECEPTIVE PRACTICE,CREDIT CARD FRAUD,RESIDENCE,False,62,41.800647613,-87.716458999
2006,1,2006-01-30 16:00:00,OTHER OFFENSE,OTHER VEHICLE OFFENSE,STREET,False,62,41.788736303,-87.737569739
2006,1,2006-01-19 07:10:00,CRIMINAL DAMAGE,CRIMINAL DEFACEMENT,SIDEWALK,False,62,41.786423093,-87.722975512
2006,1,2006-01-18 09:00:00,CRIMINAL DAMAGE,CRIMINAL DEFACEMENT,SIDEWALK,False,62,41.786423093,-87.722975512
2006,2,2006-02-01 15:00:00,MOTOR VEHICLE THEFT,ATT: AUTOMOBILE,CTA GARAGE / OTHER PROPERTY,False,62,41.800464977,-87.723370404
2006,2,2006-02-02 20:45:00,THEFT,OVER $500,PARKING LOT/GARAGE(NON.RESID.),False,62,41.79826919,-87.723303209
2006,2,2006-02-03 00:00:00,MOTOR VEHICLE THEFT,AUTOMOBILE,STREET,False,62,41.796453491,-87.735503252
2006,2,2006-02-03 13:15:00,MOTOR VEHICLE THEFT,"TRUCK, BUS, MOTOR HOME",STREET,False,62,41.790218998,-87.72307884899999
2006,2,2006-02-02 16:00:00,BATTERY,AGGRAVATED: OTHER DANG WEAPON,PARKING LOT/GARAGE(NON.RESID.),False,62,41.799737621,-87.723347962
2006,2,2006-02-03 08:00:00,BURGLARY,FORCIBLE ENTRY,RESIDENCE,False,62,41.788570704,-87.73527581299999
2006,2,2006-02-03 22:00:00,MOTOR VEHICLE THEFT,AUTOMOBILE,STREET,True,62,41.792661286,-87.732949519
2006,2,2006-02-05 02:50:00,BATTERY,DOMESTIC BATTERY SIMPLE,HOTEL/MOTEL,True,62,41.796087163,-87.723243221
2006,2,2006-02-05 04:15:00,ROBBERY,STRONGARM - NO WEAPON,STREET,False,62,41.800464977,-87.723370404
2006,2,2006-02-05 18:45:00,BATTERY,SIMPLE,APARTMENT,True,62,41.79406291,-87.735444789
2006,2,2006-02-06 00:05:00,CRIMINAL DAMAGE,TO VEHICLE,VEHICLE NON-COMMERCIAL,False,62,41.790834219000004,-87.734121672
2006,2,2006-02-02 17:00:00,CRIMINAL DAMAGE,CRIMINAL DEFACEMENT,RESIDENCE-GARAGE,False,62,41.7921717,-87.728032876
2006,2,2006-02-04 10:30:00,ASSAULT,SIMPLE,RESTAURANT,False,62,41.797201502,-87.723272993
2006,2,2006-02-03 09:30:00,BATTERY,SIMPLE,HOTEL/MOTEL,False,62,41.79639731,-87.723251281
2006,2,2006-02-06 18:30:00,ASSAULT,SIMPLE,RESIDENCE,False,62,41.79406291,-87.735444789
2006,2,2006-02-03 21:00:00,BATTERY,DOMESTIC BATTERY SIMPLE,APARTMENT,False,62,41.794314014,-87.71394903299999
2006,2,2006-02-07 10:30:00,THEFT,PURSE-SNATCHING,OTHER,False,62,41.796177739,-87.723246029
2006,2,2006-02-02 14:30:00,THEFT,RETAIL THEFT,SMALL RETAIL STORE,True,62,41.799413753,-87.723340031
2006,2,2006-02-07 14:00:00,ASSAULT,AGGRAVATED: HANDGUN,CURRENCY EXCHANGE,False,62,41.792974653,-87.72315172299999
2006,2,2006-02-07 09:00:00,BURGLARY,FORCIBLE ENTRY,RESIDENCE,False,62,41.788850646,-87.735280545
2006,2,2006-02-07 08:00:00,BURGLARY,UNLAWFUL ENTRY,RESIDENCE,False,62,41.794166296,-87.734218988
2006,2,2006-02-04 03:25:00,THEFT,$500 AND UNDER,VEHICLE NON-COMMERCIAL,False,62,41.786625555,-87.736437919
2006,2,2006-02-08 15:00:00,MOTOR VEHICLE THEFT,AUTOMOBILE,PARKING LOT/GARAGE(NON.RESID.),False,62,41.799718412,-87.723348144
2006,2,2006-02-04 09:15:00,CRIMINAL DAMAGE,TO VEHICLE,VEHICLE NON-COMMERCIAL,False,62,41.788725813,-87.719418802
2006,2,2006-02-09 16:20:00,BATTERY,SIMPLE,CTA GARAGE / OTHER PROPERTY,True,62,41.800464977,-87.723370404
2006,2,2006-02-07 16:40:00,BATTERY,PRO EMP HANDS NO/MIN INJURY,CTA BUS,False,62,41.785519673,-87.738567526
2006,2,2006-02-10 00:01:00,CRIMINAL DAMAGE,TO VEHICLE,STREET,False,62,41.798105282,-87.714719357
2006,2,2006-02-10 09:25:00,OTHER OFFENSE,HARASSMENT BY TELEPHONE,RESIDENCE,False,62,41.793144448,-87.72983895200001
2006,2,2006-02-07 22:40:00,DECEPTIVE PRACTICE,THEFT OF LABOR/SERVICES,RESTAURANT,False,62,41.79826919,-87.723303209
2006,2,2006-02-03 14:00:00,CRIMINAL DAMAGE,CRIMINAL DEFACEMENT,"SCHOOL, PUBLIC, BUILDING",False,62,41.791380199,-87.724699662
2006,2,2006-02-05 02:30:00,CRIMINAL DAMAGE,TO VEHICLE,STREET,False,62,41.795994236999995,-87.73059335100001
2006,2,2006-02-04 04:15:00,DECEPTIVE PRACTICE,ILLEGAL USE CASH CARD,ATM (AUTOMATIC TELLER MACHINE),False,62,41.796216156999996,-87.723245665
2006,2,2006-02-08 16:35:00,CRIMINAL DAMAGE,CRIMINAL DEFACEMENT,RESTAURANT,False,62,41.79627106,-87.723248811
2006,2,2006-02-11 00:05:00,CRIMINAL DAMAGE,TO VEHICLE,STREET,False,62,41.787053765,-87.72910772
2006,2,2006-02-09 03:30:00,CRIMINAL DAMAGE,TO VEHICLE,STREET,False,62,41.790599058000005,-87.73533763299999
2006,2,2006-02-11 00:35:00,ASSAULT,AGGRAVATED:KNIFE/CUTTING INSTR,PARKING LOT/GARAGE(NON.RESID.),True,62,41.79639731,-87.723251281
2006,2,2006-02-04 15:00:00,CRIMINAL DAMAGE,TO PROPERTY,RESIDENCE,False,62,41.792348394,-87.73294143700001
2006,2,2006-02-11 14:00:00,MOTOR VEHICLE THEFT,AUTOMOBILE,CTA GARAGE / OTHER PROPERTY,False,62,41.785519673,-87.738567526
2006,2,2006-02-12 01:00:00,CRIMINAL DAMAGE,TO PROPERTY,COMMERCIAL / BUSINESS OFFICE,False,62,41.786488972,-87.722978554
2006,2,2006-02-09 09:55:00,OTHER OFFENSE,SEX OFFENDER: FAIL TO REGISTER,HOTEL/MOTEL,False,62,41.79639731,-87.723251281
2006,2,2006-02-13 21:00:00,CRIMINAL DAMAGE,TO VEHICLE,RESIDENCE,False,62,41.799950823,-87.71599624
2006,2,2006-02-12 23:30:00,ASSAULT,SIMPLE,RESIDENCE,True,62,41.793264912,-87.71891343
2006,2,2006-02-10 16:00:00,BATTERY,SIMPLE,SIDEWALK,True,62,41.79086986,-87.730443341
2006,2,2006-02-14 07:00:00,CRIMINAL DAMAGE,CRIMINAL DEFACEMENT,RESIDENCE-GARAGE,False,62,41.789567467,-87.723899085
2006,2,2006-02-14 22:00:00,CRIMINAL DAMAGE,CRIMINAL DEFACEMENT,RESIDENCE,False,62,41.791143237,-87.72555631700001
2006,2,2006-02-14 21:00:00,BATTERY,DOMESTIC BATTERY SIMPLE,RESIDENCE,True,62,41.794454727,-87.720743002
2006,2,2006-02-06 08:00:00,THEFT,FINANCIAL ID THEFT: OVER $300,RESIDENCE,False,62,41.799725764,-87.715991065
2006,2,2006-02-10 05:30:00,CRIMINAL TRESPASS,TO RESIDENCE,RESIDENCE,False,62,41.787722661,-87.726369659
2006,2,2006-02-14 15:10:00,CRIMINAL DAMAGE,TO PROPERTY,RESIDENCE,False,62,41.79274241,-87.724378738
2006,2,2006-02-11 15:00:00,CRIMINAL DAMAGE,TO PROPERTY,RESIDENCE-GARAGE,False,62,41.792303315,-87.721793937
2006,2,2006-02-16 00:00:00,MOTOR VEHICLE THEFT,AUTOMOBILE,STREET,False,62,41.789539931,-87.726473525
2006,2,2006-02-16 00:00:00,MOTOR VEHICLE THEFT,AUTOMOBILE,STREET,False,62,41.790509371999995,-87.72921094700001
2006,2,2006-02-15 15:09:00,CRIMINAL DAMAGE,CRIMINAL DEFACEMENT,RESIDENCE-GARAGE,True,62,41.791143237,-87.72555631700001
2006,2,2006-02-14 15:55:00,CRIMINAL DAMAGE,TO PROPERTY,CTA TRAIN,False,62,41.785519673,-87.738567526
2006,2,2006-02-15 21:00:00,CRIMINAL DAMAGE,TO PROPERTY,COMMERCIAL / BUSINESS OFFICE,False,62,41.788336119,-87.72302336899999
2006,2,2006-02-14 09:00:00,CRIMINAL DAMAGE,CRIMINAL DEFACEMENT,RESIDENCE-GARAGE,False,62,41.800195111,-87.716004898
2006,2,2006-02-16 22:00:00,CRIMINAL DAMAGE,TO VEHICLE,STREET,False,62,41.786996138,-87.72910826100001
2006,2,2006-02-16 21:45:00,CRIMINAL DAMAGE,TO VEHICLE,STREET,False,62,41.786754594,-87.72909952799999
2006,2,2006-02-16 08:50:00,KIDNAPPING,KIDNAPPING,STREET,False,62,41.787824691,-87.718719702
2006,2,2006-02-16 17:25:00,ASSAULT,SIMPLE,STREET,False,62,41.796361086,-87.729379701
2006,2,2006-02-15 13:19:22,BATTERY,SIMPLE,RESTAURANT,True,62,41.797201502,-87.723272993
2006,2,2006-02-16 14:30:00,BATTERY,SIMPLE,SIDEWALK,False,62,41.790101644,-87.720623103
2006,2,2006-02-17 00:00:00,CRIMINAL DAMAGE,TO VEHICLE,DRIVEWAY - RESIDENTIAL,False,62,41.789540589,-87.72659819399999
2006,2,2006-02-16 17:00:00,CRIMINAL DAMAGE,TO PROPERTY,RESIDENCE-GARAGE,False,62,41.794013496,-87.735441581
2006,2,2006-02-15 20:30:00,CRIMINAL DAMAGE,CRIMINAL DEFACEMENT,RESIDENCE-GARAGE,False,62,41.787127851,-87.736455261
2006,2,2006-02-16 00:11:00,DECEPTIVE PRACTICE,THEFT OF LABOR/SERVICES,RESIDENCE,False,62,41.787892019000004,-87.71439220299999
2006,2,2006-02-17 14:00:00,THEFT,$500 AND UNDER,SIDEWALK,False,62,41.790647559,-87.73411240899999
2006,2,2006-02-02 17:00:00,THEFT,FINANCIAL ID THEFT:$300 &UNDER,BANK,False,62,41.795886801,-87.723237787
2006,2,2006-02-17 23:40:00,CRIMINAL DAMAGE,TO VEHICLE,VEHICLE NON-COMMERCIAL,False,62,41.789644435999996,-87.718771992
2006,2,2006-02-17 23:55:00,MOTOR VEHICLE THEFT,"TRUCK, BUS, MOTOR HOME",STREET,False,62,41.799933238,-87.714767792
2006,2,2006-02-17 22:00:00,MOTOR VEHICLE THEFT,AUTOMOBILE,STREET,False,62,41.785831765,-87.733145242
2006,2,2006-02-17 15:00:00,MOTOR VEHICLE THEFT,ATT: AUTOMOBILE,STREET,False,62,41.794094116,-87.71950692899999
2006,2,2006-02-09 17:00:00,DECEPTIVE PRACTICE,FORGERY,BANK,False,62,41.795996586,-87.723240413
2006,2,2006-02-20 22:25:00,OTHER OFFENSE,HARASSMENT BY TELEPHONE,RESIDENCE,False,62,41.793134122,-87.73100886299999
2006,2,2006-02-18 19:10:00,CRIMINAL DAMAGE,CRIMINAL DEFACEMENT,CTA TRAIN,True,62,41.785519673,-87.738567526
2006,2,2006-02-21 01:50:00,BURGLARY,FORCIBLE ENTRY,RESIDENCE-GARAGE,True,62,41.790615261999996,-87.71456035700001
2006,2,2006-02-19 13:53:00,PUBLIC PEACE VIOLATION,RECKLESS CONDUCT,STREET,True,62,41.793044592,-87.718255453
2006,2,2006-02-17 00:00:00,OTHER OFFENSE,ANIMAL ABUSE/NEGLECT,RESIDENCE-GARAGE,False,62,41.785857342,-87.73069197299999
2006,2,2006-02-21 11:30:00,MOTOR VEHICLE THEFT,AUTOMOBILE,STREET,False,62,41.794604645,-87.719524061
2006,2,2006-02-20 22:10:00,BATTERY,DOMESTIC BATTERY SIMPLE,RESIDENCE,True,62,41.786001065,-87.718968123
2006,2,2006-02-10 14:20:00,BATTERY,SIMPLE,"SCHOOL, PUBLIC, BUILDING",True,62,41.791380199,-87.724699662
2006,2,2006-02-22 04:00:00,CRIMINAL DAMAGE,TO PROPERTY,RESIDENCE-GARAGE,False,62,41.786763773000004,-87.730324141
2006,2,2006-02-17 16:00:00,CRIMINAL TRESPASS,TO STATE SUP LAND,CHA PARKING LOT/GROUNDS,False,62,41.799808989,-87.723350952
2006,2,2006-02-21 22:00:00,BURGLARY,FORCIBLE ENTRY,RESIDENCE-GARAGE,True,62,41.786960445,-87.729104929
2006,2,2006-02-22 16:20:00,OTHER OFFENSE,TELEPHONE THREAT,SMALL RETAIL STORE,False,62,41.799485121,-87.723343021
2006,2,2006-02-22 02:00:00,BURGLARY,FORCIBLE ENTRY,RESIDENCE-GARAGE,False,62,41.786793032,-87.729102834
2006,2,2006-02-22 18:24:00,ASSAULT,SIMPLE,RESIDENCE,False,62,41.801913221,-87.716039754
2006,2,2006-02-23 01:05:00,THEFT,RETAIL THEFT,GROCERY FOOD STORE,True,62,41.796216156999996,-87.723245665
2006,2,2006-02-21 12:00:00,DECEPTIVE PRACTICE,COMPUTER FRAUD,RESIDENCE,False,62,41.794543132,-87.728102244
2006,2,2006-02-21 20:30:00,OTHER OFFENSE,TELEPHONE THREAT,RESIDENCE,False,62,41.793089576,-87.736143254
2006,2,2006-02-23 19:00:00,MOTOR VEHICLE THEFT,AUTOMOBILE,STREET,False,62,41.798269415,-87.717174949
2006,2,2006-02-23 07:30:00,CRIMINAL DAMAGE,TO VEHICLE,STREET,False,62,41.790554239,-87.73410961100001
2006,2,2006-02-23 21:55:00,ASSAULT,AGGRAVATED: OTHER DANG WEAPON,RESIDENCE,True,62,41.794324331,-87.725643615
2006,2,2006-02-23 15:20:00,BATTERY,SIMPLE,CTA GARAGE / OTHER PROPERTY,False,62,41.800464977,-87.723370404
2006,2,2006-02-22 15:30:00,THEFT,OVER $500,OTHER,False,62,41.795014351999995,-87.727430374
2006,2,2006-02-04 09:00:00,DECEPTIVE PRACTICE,FORGERY,BANK,False,62,41.794079375,-87.735444636
2006,2,2006-02-22 15:00:00,CRIMINAL DAMAGE,CRIMINAL DEFACEMENT,RESIDENCE-GARAGE,False,62,41.795955021,-87.719558851
2006,2,2006-02-24 21:00:00,ASSAULT,SIMPLE,STREET,False,62,41.787744843,-87.72382101
2006,2,2006-02-24 08:20:00,BURGLARY,FORCIBLE ENTRY,RESIDENCE-GARAGE,False,62,41.796048342,-87.719561627
2006,2,2006-02-23 19:00:00,BURGLARY,FORCIBLE ENTRY,RESIDENCE,True,62,41.790396842,-87.729208337
2006,2,2006-02-16 14:50:00,BATTERY,SIMPLE,ALLEY,False,62,41.793328849,-87.714974315
2006,2,2006-02-01 04:00:00,MOTOR VEHICLE THEFT,AUTOMOBILE,STREET,False,62,41.790554239,-87.73410961100001
2006,2,2006-02-24 22:00:00,CRIMINAL DAMAGE,TO PROPERTY,RESIDENCE-GARAGE,False,62,41.792281485,-87.728035511
2006,2,2006-02-24 14:20:00,THEFT,RETAIL THEFT,DRUG STORE,False,62,41.785930664,-87.723266186
2006,2,2006-02-24 19:00:00,CRIMINAL DAMAGE,TO PROPERTY,RESIDENCE-GARAGE,False,62,41.790376742,-87.735332365
2006,2,2006-02-25 17:00:00,ASSAULT,SIMPLE,HOTEL/MOTEL,False,62,41.79639731,-87.723251281
2006,2,2006-02-25 02:00:00,CRIMINAL DAMAGE,TO PROPERTY,RESIDENCE,False,62,41.790814991,-87.734118184
2006,2,2006-02-25 00:00:00,THEFT,$500 AND UNDER,STREET,False,62,41.788937589,-87.73038810799999
2006,2,2006-02-25 21:00:00,CRIMINAL DAMAGE,TO VEHICLE,STREET,False,62,41.796297083,-87.731826396
2006,2,2006-02-25 15:30:00,CRIMINAL DAMAGE,TO PROPERTY,OTHER,False,62,41.785919291999996,-87.72474398
2006,2,2006-02-26 13:45:00,THEFT,$500 AND UNDER,HOTEL/MOTEL,True,62,41.79639731,-87.723251281
2006,2,2006-02-17 00:00:00,OTHER OFFENSE,HARASSMENT BY TELEPHONE,RESIDENCE,False,62,41.793189683,-87.724887903
2006,2,2006-02-27 18:15:00,BATTERY,DOMESTIC BATTERY SIMPLE,RESIDENCE,True,62,41.790514392,-87.721345234
2006,2,2006-02-24 15:15:00,PUBLIC PEACE VIOLATION,RECKLESS CONDUCT,STREET,True,62,41.793196131,-87.7240334
2006,2,2006-02-27 10:00:00,OTHER OFFENSE,TELEPHONE THREAT,RESIDENCE,False,62,41.793103704,-87.734639602
2006,2,2006-02-26 17:40:00,BATTERY,DOMESTIC BATTERY SIMPLE,RESIDENCE,True,62,41.792255074,-87.732938641
2006,2,2006-02-25 19:00:00,BATTERY,SIMPLE,RESIDENCE,False,62,41.793116466,-87.733403662
2006,2,2006-02-26 06:45:00,CRIMINAL DAMAGE,TO PROPERTY,HOTEL/MOTEL,True,62,41.79639731,-87.723251281
2006,2,2006-02-28 02:18:00,CRIMINAL DAMAGE,CRIMINAL DEFACEMENT,OTHER,False,62,41.785827253,-87.733332286
2006,2,2006-02-28 19:00:00,THEFT,$500 AND UNDER,STREET,False,62,41.796087557,-87.730596144
2006,2,2006-02-26 21:10:00,CRIMINAL DAMAGE,TO PROPERTY,RESIDENCE-GARAGE,False,62,41.790396842,-87.729208337
2006,2,2006-02-27 15:00:00,OTHER OFFENSE,HARASSMENT BY TELEPHONE,RESIDENCE,False,62,41.793189683,-87.724887903
2006,2,2006-02-28 10:00:00,CRIMINAL DAMAGE,TO PROPERTY,RESIDENCE,False,62,41.79785877,-87.71838545600001
2006,2,2006-02-21 14:00:00,OTHER OFFENSE,HARASSMENT BY TELEPHONE,RESIDENCE,False,62,41.796272761,-87.72202024799999
2006,2,2006-02-14 14:00:00,DECEPTIVE PRACTICE,BOGUS CHECK,GROCERY FOOD STORE,False,62,41.786552107,-87.722981621
2006,2,2006-02-10 22:20:53,NARCOTICS,POSS: CRACK,OTHER,True,62,41.796177739,-87.723246029
2006,2,2006-02-27 12:00:00,THEFT,FINANCIAL ID THEFT: OVER $300,RESIDENCE,False,62,41.798081666,-87.715940831
2006,2,2006-02-13 10:00:00,NARCOTICS,POSS: CANNABIS MORE THAN 30GMS,STREET,True,62,41.793146633,-87.729732585
2006,2,2006-02-10 00:30:00,BURGLARY,FORCIBLE ENTRY,RESIDENCE,False,62,41.786031386,-87.716943804
2006,2,2006-02-08 21:03:58,NARCOTICS,MANU/DEL:CANNABIS OVER 10 GMS,CTA PLATFORM,True,62,41.785519673,-87.738567526
2006,2,2006-02-27 08:00:00,DECEPTIVE PRACTICE,BOGUS CHECK,RESIDENCE,False,62,41.792346426,-87.71907255200001
2006,2,2006-02-15 08:13:20,NARCOTICS,POSS: CANNABIS 30GMS OR LESS,CTA PLATFORM,True,62,41.785519673,-87.738567526
2006,2,2006-02-17 10:23:30,NARCOTICS,FOUND SUSPECT NARCOTICS,"SCHOOL, PUBLIC, GROUNDS",True,62,41.787818204000004,-87.719046111
2006,2,2006-02-23 00:01:00,THEFT,FINANCIAL ID THEFT: OVER $300,RESIDENCE,False,62,41.786981514000004,-87.714503631
2006,2,2006-02-24 12:10:03,NARCOTICS,POSS: CANNABIS 30GMS OR LESS,STREET,True,62,41.78659327,-87.722981231
2006,2,2006-02-24 14:48:05,NARCOTICS,POSS: COCAINE,RESIDENCE,True,62,41.788802148,-87.714211105
2006,2,2006-02-21 15:56:24,NARCOTICS,POSS: CANNABIS 30GMS OR LESS,STREET,True,62,41.800195111,-87.716004898
2006,3,2006-03-01 14:00:00,CRIMINAL DAMAGE,TO VEHICLE,STREET,False,62,41.80193243,-87.716039569
2006,3,2006-03-01 00:00:00,THEFT,$500 AND UNDER,STREET,False,62,41.788695331999996,-87.721421205
2006,3,2006-03-01 14:00:00,ROBBERY,ARMED: HANDGUN,GROCERY FOOD STORE,False,62,41.793305269,-87.71620303200001
2006,3,2006-03-01 13:00:00,DECEPTIVE PRACTICE,FRAUD OR CONFIDENCE GAME,RESIDENCE,False,62,41.797786808000005,-87.720839629
2006,3,2006-03-02 03:00:00,MOTOR VEHICLE THEFT,AUTOMOBILE,STREET,False,62,41.788750944,-87.734053067
2006,3,2006-03-02 17:22:00,BATTERY,SIMPLE,SIDEWALK,False,62,41.791528392,-87.714426896
2006,3,2006-03-01 08:25:00,THEFT,RETAIL THEFT,GROCERY FOOD STORE,True,62,41.796216156999996,-87.723245665
2006,3,2006-03-04 04:20:00,OTHER OFFENSE,TELEPHONE THREAT,RESIDENCE,False,62,41.787723951,-87.726094635
2006,3,2006-03-03 17:15:00,BATTERY,DOMESTIC BATTERY SIMPLE,RESIDENCE,False,62,41.788844264,-87.734055865
2006,3,2006-03-02 11:15:00,BATTERY,SIMPLE,"SCHOOL, PUBLIC, BUILDING",False,62,41.791380199,-87.724699662
2006,3,2006-03-03 15:20:00,CRIMINAL DAMAGE,TO VEHICLE,STREET,False,62,41.786903598,-87.719417853
2006,3,2006-03-04 21:15:00,ASSAULT,AGGRAVATED: HANDGUN,STREET,False,62,41.794314014,-87.71394903299999
2006,3,2006-03-04 20:30:00,OTHER OFFENSE,TELEPHONE THREAT,RESTAURANT,False,62,41.794591289,-87.72319873200001
2006,3,2006-03-02 12:00:00,DECEPTIVE PRACTICE,FORGERY,BANK,False,62,41.792480876,-87.726816161
2006,3,2006-03-05 18:26:00,ROBBERY,STRONGARM - NO WEAPON,RESIDENCE,False,62,41.802054358,-87.71728172700001
2006,3,2006-03-04 16:00:00,OTHER OFFENSE,OTHER VEHICLE OFFENSE,PARKING LOT/GARAGE(NON.RESID.),False,62,41.79639731,-87.723251281
2006,3,2006-03-06 00:00:00,CRIMINAL DAMAGE,TO VEHICLE,STREET,False,62,41.785819005,-87.73438104200001
2006,3,2006-03-03 08:30:00,THEFT,OVER $500,PARKING LOT/GARAGE(NON.RESID.),False,62,41.793080408,-87.737019782
2006,3,2006-03-07 03:45:00,MOTOR VEHICLE THEFT,AUTOMOBILE,STREET,False,62,41.790805799,-87.729219165
2006,3,2006-03-06 01:40:00,ASSAULT,AGGRAVATED: OTHER DANG WEAPON,RESIDENCE,True,62,41.788725421,-87.71934546799999
2006,3,2006-03-04 15:15:00,BURGLARY,FORCIBLE ENTRY,OTHER,False,62,41.793229666,-87.72156510299999
2006,3,2006-03-07 07:30:00,BATTERY,AGGRAVATED: OTHER DANG WEAPON,SIDEWALK,False,62,41.800303052,-87.723368272
2006,3,2006-03-07 10:00:00,THEFT,OVER $500,CTA GARAGE / OTHER PROPERTY,False,62,41.800464977,-87.723370404
2006,3,2006-03-07 17:00:00,INTERFERENCE WITH PUBLIC OFFICER,RESIST/OBSTRUCT/DISARM OFFICER,CTA TRAIN,True,62,41.785519673,-87.738567526
2006,3,2006-03-06 12:10:00,CRIMINAL TRESPASS,TO RESIDENCE,RESIDENCE,False,62,41.787775501999995,-87.721844303
2006,3,2006-03-07 20:00:00,THEFT,OVER $500,GAS STATION,False,62,41.793115777,-87.73327165100001
2006,3,2006-03-01 12:00:00,DECEPTIVE PRACTICE,CREDIT CARD FRAUD,CONVENIENCE STORE,False,62,41.799737621,-87.723347962
2006,3,2006-03-05 22:00:00,MOTOR VEHICLE THEFT,"THEFT/RECOVERY: TRUCK,BUS,MHOME",STREET,False,62,41.790325529,-87.73287964
2006,3,2006-03-08 17:00:00,BURGLARY,FORCIBLE ENTRY,RESIDENCE,False,62,41.795134428000004,-87.71749835600001
2006,3,2006-03-09 14:00:00,BURGLARY,UNLAWFUL ENTRY,RESIDENCE-GARAGE,False,62,41.792414336,-87.714341365
2006,3,2006-03-08 17:40:00,BURGLARY,ATTEMPT FORCIBLE ENTRY,RESIDENCE,False,62,41.800632172,-87.71767310799999
2006,3,2006-03-10 04:15:00,BURGLARY,ATTEMPT FORCIBLE ENTRY,RESIDENCE-GARAGE,False,62,41.792387575,-87.726817041
2006,3,2006-03-09 22:00:00,BURGLARY,FORCIBLE ENTRY,RESIDENCE-GARAGE,False,62,41.789565384,-87.72402378
2006,3,2006-03-10 06:15:00,MOTOR VEHICLE THEFT,AUTOMOBILE,PARKING LOT/GARAGE(NON.RESID.),False,62,41.800464977,-87.723370404
2006,3,2006-03-10 06:00:00,CRIMINAL DAMAGE,TO PROPERTY,RESIDENCE-GARAGE,False,62,41.789567467,-87.723899085
2006,3,2006-03-09 17:00:00,MOTOR VEHICLE THEFT,AUTOMOBILE,STREET,False,62,41.796453491,-87.735503252
2006,3,2006-03-10 16:15:00,THEFT,$500 AND UNDER,CTA GARAGE / OTHER PROPERTY,True,62,41.800464977,-87.723370404
2006,3,2006-03-10 20:19:00,BURGLARY,FORCIBLE ENTRY,RESIDENCE,True,62,41.790970316,-87.72555061700001
2006,3,2006-03-07 16:00:00,OTHER OFFENSE,HARASSMENT BY TELEPHONE,"SCHOOL, PUBLIC, GROUNDS",True,62,41.787818204000004,-87.719046111
2006,3,2006-03-11 04:31:43,BATTERY,DOMESTIC BATTERY SIMPLE,RESIDENCE,False,62,41.790689659,-87.731666136
2006,3,2006-03-01 12:00:00,DECEPTIVE PRACTICE,COMPUTER FRAUD,RESIDENCE,False,62,41.798008681999995,-87.717170112
2006,3,2006-03-12 19:15:00,ASSAULT,AGG PO HANDS NO/MIN INJURY,STREET,True,62,41.792624666,-87.735399482
2006,3,2006-03-12 12:00:00,MOTOR VEHICLE THEFT,AUTOMOBILE,PARKING LOT/GARAGE(NON.RESID.),False,62,41.79798376,-87.72329858100001
2006,3,2006-03-12 10:50:00,INTERFERENCE WITH PUBLIC OFFICER,INTERFERENCE JUDICIAL PROCESS,STREET,True,62,41.789564098,-87.724298812
2006,3,2006-03-13 05:00:00,CRIMINAL DAMAGE,CRIMINAL DEFACEMENT,CTA GARAGE / OTHER PROPERTY,False,62,41.800464977,-87.723370404
2006,3,2006-03-13 09:00:00,CRIMINAL DAMAGE,CRIMINAL DEFACEMENT,CTA GARAGE / OTHER PROPERTY,False,62,41.800464977,-87.723370404
2006,3,2006-03-13 22:20:00,OTHER OFFENSE,TELEPHONE THREAT,RESIDENCE,False,62,41.795187048,-87.714013972
2006,3,2006-03-14 00:05:00,OTHER OFFENSE,OBSCENE TELEPHONE CALLS,RESIDENCE,False,62,41.785803069,-87.73606421
2006,3,2006-03-14 12:00:00,THEFT,OVER $500,"SCHOOL, PUBLIC, GROUNDS",False,62,41.791380199,-87.724699662
2006,3,2006-03-13 19:00:00,OTHER OFFENSE,HARASSMENT BY TELEPHONE,COMMERCIAL / BUSINESS OFFICE,False,62,41.796177739,-87.723246029
2006,3,2006-03-14 13:07:00,BURGLARY,FORCIBLE ENTRY,RESIDENCE,False,62,41.790638367,-87.72921340299999
2006,3,2006-03-15 17:50:00,BURGLARY,FORCIBLE ENTRY,RESIDENCE,False,62,41.787777192,-87.721646279
2006,3,2006-03-16 14:00:00,ASSAULT,SIMPLE,APARTMENT,False,62,41.79406291,-87.735444789
2006,3,2006-03-16 19:05:00,ROBBERY,AGGRAVATED,SMALL RETAIL STORE,False,62,41.785930664,-87.723266186
2006,3,2006-03-15 03:00:00,ASSAULT,AGGRAVATED:KNIFE/CUTTING INSTR,PARKING LOT/GARAGE(NON.RESID.),True,62,41.79826919,-87.723303209
2006,3,2006-03-16 14:02:46,BURGLARY,FORCIBLE ENTRY,RESIDENCE-GARAGE,False,62,41.786982915,-87.714254276
2006,3,2006-03-16 23:19:00,BATTERY,SIMPLE,HOTEL/MOTEL,False,62,41.79639731,-87.723251281
2006,3,2006-03-14 19:15:00,PUBLIC PEACE VIOLATION,RECKLESS CONDUCT,STREET,True,62,41.793201348000004,-87.723464946
2006,3,2006-03-16 13:45:31,THEFT,RETAIL THEFT,SMALL RETAIL STORE,False,62,41.799413753,-87.723340031
2006,3,2006-03-14 22:30:00,CRIMINAL DAMAGE,TO VEHICLE,STREET,False,62,41.788245543,-87.723020561
2006,3,2006-03-17 21:40:00,CRIMINAL DAMAGE,TO VEHICLE,STREET,False,62,41.788631955999996,-87.736499978
2006,3,2006-03-15 18:10:00,CRIMINAL DAMAGE,CRIMINAL DEFACEMENT,CTA TRAIN,True,62,41.785519673,-87.738567526
2006,3,2006-03-13 00:00:00,DECEPTIVE PRACTICE,CREDIT CARD FRAUD,ATM (AUTOMATIC TELLER MACHINE),False,62,41.791259885,-87.737344685
2006,3,2006-03-16 13:00:00,BURGLARY,UNLAWFUL ENTRY,RESIDENCE-GARAGE,False,62,41.786810521999996,-87.72669360399999
2006,3,2006-03-18 13:27:00,ASSAULT,AGGRAVATED: HANDGUN,STREET,False,62,41.787852007,-87.716647685
2006,3,2006-03-17 23:00:00,ASSAULT,AGGRAVATED: HANDGUN,STREET,False,62,41.787529201999995,-87.723005355
2006,3,2006-03-17 21:00:00,MOTOR VEHICLE THEFT,AUTOMOBILE,STREET,False,62,41.78967669,-87.716597195
2006,3,2006-03-17 17:30:00,MOTOR VEHICLE THEFT,AUTOMOBILE,PARKING LOT/GARAGE(NON.RESID.),False,62,41.793078806,-87.737239825
2006,3,2006-03-18 20:45:00,ASSAULT,SIMPLE,APARTMENT,True,62,41.794013496,-87.735441581
2006,3,2006-03-18 16:00:00,THEFT,RETAIL THEFT,SMALL RETAIL STORE,True,62,41.786565828,-87.722981491
2006,3,2006-03-18 00:01:00,CRIMINAL DAMAGE,TO VEHICLE,STREET,False,62,41.794130622,-87.734219321
2006,3,2006-03-18 22:00:00,CRIMINAL DAMAGE,TO VEHICLE,STREET,False,62,41.786973259,-87.73522465799999
2006,3,2006-03-19 12:00:00,BURGLARY,UNLAWFUL ENTRY,RESIDENCE-GARAGE,False,62,41.790514255,-87.721319566
2006,3,2006-03-19 14:30:00,BURGLARY,FORCIBLE ENTRY,RESIDENCE-GARAGE,False,62,41.795949366,-87.72936523
2006,3,2006-03-19 23:00:00,CRIMINAL DAMAGE,TO CITY OF CHICAGO PROPERTY,CTA GARAGE / OTHER PROPERTY,False,62,41.799808989,-87.723350952
2006,3,2006-03-17 11:00:00,THEFT,$500 AND UNDER,PARKING LOT/GARAGE(NON.RESID.),False,62,41.794193309,-87.72318783799999
2006,3,2006-03-17 16:30:00,OFFENSE INVOLVING CHILDREN,OTHER OFFENSE,RESIDENCE,False,62,41.799950823,-87.71599624
2006,3,2006-03-17 10:32:00,BURGLARY,FORCIBLE ENTRY,RESIDENCE-GARAGE,True,62,41.792309419,-87.72139416700001
2006,3,2006-03-16 21:30:00,CRIMINAL DAMAGE,TO PROPERTY,OTHER,False,62,41.799413753,-87.723340031
2006,3,2006-03-10 17:00:00,CRIMINAL DAMAGE,TO PROPERTY,RESIDENCE,False,62,41.794317826,-87.724415167
2006,3,2006-03-01 17:00:00,THEFT,$500 AND UNDER,STREET,False,62,41.788937589,-87.73038810799999
2006,3,2006-03-19 16:00:00,BURGLARY,UNLAWFUL ENTRY,RESIDENCE-GARAGE,False,62,41.790579848,-87.73533781200001
2006,3,2006-03-20 18:45:00,THEFT,RETAIL THEFT,GROCERY FOOD STORE,True,62,41.79798376,-87.72329858100001
2006,3,2006-03-21 17:00:00,ROBBERY,ARMED: HANDGUN,SMALL RETAIL STORE,False,62,41.799323177,-87.72333722200001
2006,3,2006-03-21 14:15:00,ROBBERY,ARMED: HANDGUN,CLEANING STORE,True,62,41.796287525,-87.723248655
2006,3,2006-03-22 14:40:00,THEFT,OVER $500,PARKING LOT/GARAGE(NON.RESID.),False,62,41.79826919,-87.723303209
2006,3,2006-03-22 12:05:00,BATTERY,SIMPLE,STREET,False,62,41.799413753,-87.723340031
2006,3,2006-03-23 00:00:00,CRIMINAL DAMAGE,TO VEHICLE,STREET,False,62,41.790577129,-87.731663521
2006,3,2006-03-23 17:25:00,CRIMINAL TRESPASS,TO LAND,RESTAURANT,True,62,41.797201502,-87.723272993
2006,3,2006-03-24 15:30:00,OTHER OFFENSE,HARASSMENT BY TELEPHONE,RESIDENCE,False,62,41.796124538,-87.722014322
2006,3,2006-03-12 14:50:00,ASSAULT,AGGRAVATED: OTHER DANG WEAPON,SIDEWALK,False,62,41.787814578,-87.719394494
2006,3,2006-03-10 00:01:00,DECEPTIVE PRACTICE,CREDIT CARD FRAUD,OTHER,False,62,41.796216156999996,-87.723245665
2006,3,2006-03-24 17:00:00,BURGLARY,UNLAWFUL ENTRY,APARTMENT,False,62,41.787887637,-87.71459758799999
2006,3,2006-03-23 22:30:00,BATTERY,DOMESTIC BATTERY SIMPLE,RESIDENCE,False,62,41.792442458000004,-87.726816523
2006,3,2006-03-23 21:50:00,BATTERY,DOMESTIC BATTERY SIMPLE,STREET,False,62,41.792974653,-87.72315172299999
2006,3,2006-03-02 12:00:00,THEFT,FINANCIAL ID THEFT:$300 &UNDER,BANK,False,62,41.79826919,-87.723303209
2006,3,2006-03-23 14:45:00,CRIMINAL DAMAGE,TO VEHICLE,STREET,False,62,41.792387575,-87.726817041
2006,3,2006-03-25 16:30:00,CRIMINAL DAMAGE,TO VEHICLE,STREET,False,62,41.80193243,-87.716039569
2006,3,2006-03-26 03:00:00,CRIMINAL DAMAGE,TO PROPERTY,RESIDENCE,False,62,41.790457222,-87.736560054
2006,3,2006-03-24 20:15:00,ASSAULT,SIMPLE,RESIDENCE,False,62,41.787053765,-87.72910772
2006,3,2006-03-25 19:15:00,ASSAULT,SIMPLE,STREET,True,62,41.796335501,-87.731826037
2006,3,2006-03-25 14:30:00,THEFT,FROM BUILDING,PARKING LOT/GARAGE(NON.RESID.),False,62,41.794591289,-87.72319873200001
2006,3,2006-03-25 22:00:00,THEFT,$500 AND UNDER,STREET,False,62,41.793284891999996,-87.717519728
2006,3,2006-03-19 09:00:00,OTHER OFFENSE,OTHER VEHICLE OFFENSE,STREET,False,62,41.796125995,-87.730599451
2006,3,2006-03-25 12:30:00,CRIMINAL DAMAGE,TO VEHICLE,STREET,False,62,41.788770136,-87.71642254
2006,3,2006-03-25 14:00:00,OTHER OFFENSE,HARASSMENT BY TELEPHONE,RESIDENCE,False,62,41.787743557,-87.724096034
2006,3,2006-03-26 20:00:00,ASSAULT,SIMPLE,SIDEWALK,False,62,41.787775501999995,-87.721844303
2006,3,2006-03-26 22:00:00,CRIMINAL DAMAGE,CRIMINAL DEFACEMENT,CTA PLATFORM,False,62,41.800464977,-87.723370404
2006,3,2006-03-26 11:30:00,ROBBERY,STRONGARM - NO WEAPON,SIDEWALK,False,62,41.802461387,-87.71693306899999
2006,3,2006-03-22 19:30:00,BATTERY,DOMESTIC BATTERY SIMPLE,RESIDENCE,False,62,41.786864287,-87.721823628
2006,3,2006-03-26 13:15:00,BATTERY,DOMESTIC BATTERY SIMPLE,RESIDENCE,True,62,41.789676295999996,-87.71652386
2006,3,2006-03-23 15:15:00,BATTERY,SIMPLE,SIDEWALK,False,62,41.792974653,-87.72315172299999
2006,3,2006-03-25 18:30:00,CRIMINAL DAMAGE,TO VEHICLE,VEHICLE NON-COMMERCIAL,False,62,41.790605445,-87.73656601299999
2006,3,2006-03-24 08:30:00,THEFT,OVER $500,PARKING LOT/GARAGE(NON.RESID.),False,62,41.800464977,-87.723370404
2006,3,2006-03-21 23:30:00,ASSAULT,SIMPLE,GAS STATION,True,62,41.792974653,-87.72315172299999
2006,3,2006-03-27 18:00:00,BATTERY,SIMPLE,PARKING LOT/GARAGE(NON.RESID.),False,62,41.79826919,-87.723303209
2006,3,2006-03-27 16:10:00,INTERFERENCE WITH PUBLIC OFFICER,RESIST/OBSTRUCT/DISARM OFFICER,STREET,True,62,41.792329185,-87.732941616
2006,3,2006-03-28 07:00:00,CRIMINAL DAMAGE,CRIMINAL DEFACEMENT,CTA GARAGE / OTHER PROPERTY,False,62,41.800464977,-87.723370404
2006,3,2006-03-24 20:00:00,CRIMINAL DAMAGE,TO VEHICLE,STREET,False,62,41.790512125,-87.73656321200001
2006,3,2006-03-01 00:00:00,CRIMINAL DAMAGE,CRIMINAL DEFACEMENT,CTA PLATFORM,False,62,41.800464977,-87.723370404
2006,3,2006-03-16 20:18:00,DECEPTIVE PRACTICE,COUNTERFEIT CHECK,CURRENCY EXCHANGE,True,62,41.792974653,-87.72315172299999
2006,3,2006-03-24 14:00:00,ASSAULT,SIMPLE,SIDEWALK,False,62,41.794111413,-87.73421949899999
2006,3,2006-03-03 11:52:00,THEFT,FINANCIAL ID THEFT:$300 &UNDER,RESIDENCE,False,62,41.795924176,-87.722008891
2006,3,2006-03-25 10:15:00,THEFT,FINANCIAL ID THEFT: OVER $300,RESIDENCE,False,62,41.786985521,-87.714228584
2006,3,2006-03-28 17:40:00,CRIMINAL DAMAGE,TO PROPERTY,SMALL RETAIL STORE,False,62,41.799592161999996,-87.723345674
2006,3,2006-03-29 18:00:00,MOTOR VEHICLE THEFT,AUTOMOBILE,PARKING LOT/GARAGE(NON.RESID.),False,62,41.79798376,-87.72329858100001
2006,3,2006-03-16 15:00:00,BATTERY,SIMPLE,SIDEWALK,False,62,41.791380411999995,-87.72473999700001
2006,3,2006-03-29 08:25:00,THEFT,FROM BUILDING,"SCHOOL, PUBLIC, BUILDING",False,62,41.791380199,-87.724699662
2006,3,2006-03-29 18:08:00,CRIMINAL DAMAGE,TO VEHICLE,STREET,False,62,41.786004965,-87.71867108200001
2006,3,2006-03-25 19:19:00,DECEPTIVE PRACTICE,BOGUS CHECK,CURRENCY EXCHANGE,True,62,41.792974653,-87.72315172299999
2006,3,2006-03-29 22:30:00,THEFT,$500 AND UNDER,STREET,False,62,41.796129651,-87.731820627
2006,3,2006-03-31 01:25:00,BURGLARY,UNLAWFUL ENTRY,RESIDENCE,False,62,41.801913221,-87.716039754
2006,3,2006-03-30 22:30:00,MOTOR VEHICLE THEFT,AUTOMOBILE,PARKING LOT/GARAGE(NON.RESID.),False,62,41.801841364,-87.71441568700001
2006,3,2006-03-31 12:05:00,PUBLIC PEACE VIOLATION,FALSE FIRE ALARM,"SCHOOL, PUBLIC, BUILDING",False,62,41.787818204000004,-87.719046111
2006,3,2006-03-30 23:12:00,THEFT,OVER $500,VEHICLE NON-COMMERCIAL,False,62,41.786915631999996,-87.73522519299999
2006,3,2006-03-30 17:10:00,THEFT,RETAIL THEFT,SMALL RETAIL STORE,True,62,41.799520795,-87.723342683
2006,3,2006-03-30 10:00:00,THEFT,$500 AND UNDER,"SCHOOL, PUBLIC, BUILDING",False,62,41.791380199,-87.724699662
2006,3,2006-03-28 18:00:00,OTHER OFFENSE,HARASSMENT BY TELEPHONE,HOTEL/MOTEL,False,62,41.79639731,-87.723251281
2006,3,2006-03-07 16:00:00,OTHER OFFENSE,HARASSMENT BY ELECTRONIC MEANS,APARTMENT,False,62,41.793189683,-87.724887903
2006,3,2006-03-30 12:00:00,THEFT,$500 AND UNDER,"SCHOOL, PUBLIC, BUILDING",False,62,41.791380199,-87.724699662
2006,3,2006-03-05 08:00:00,THEFT,$500 AND UNDER,STREET,False,62,41.78865596,-87.72382338
2006,3,2006-03-01 16:05:00,NARCOTICS,POSS: CANNABIS 30GMS OR LESS,ALLEY,True,62,41.799922967,-87.72207724399999
2006,3,2006-03-29 00:00:00,CRIMINAL DAMAGE,CRIMINAL DEFACEMENT,RESIDENCE-GARAGE,False,62,41.794603986999995,-87.721973763
2006,3,2006-03-26 06:40:00,CRIMINAL DAMAGE,TO PROPERTY,RESIDENCE,False,62,41.790457222,-87.736560054
2006,3,2006-03-27 13:00:00,THEFT,RETAIL THEFT,SMALL RETAIL STORE,False,62,41.79798376,-87.72329858100001
2006,3,2006-03-07 21:44:14,NARCOTICS,POSS: CRACK,STREET,True,62,41.794260535999996,-87.731772094
2006,3,2006-03-04 14:10:00,NARCOTICS,POSS: CANNABIS MORE THAN 30GMS,RESIDENCE,True,62,41.790621894000004,-87.714263268
2006,3,2006-03-11 02:00:00,NARCOTICS,MANU/DELIVER:COCAINE,RESIDENCE,True,62,41.792135199,-87.73415722700001
2006,3,2006-03-17 23:30:00,NARCOTICS,POSS: CANNABIS 30GMS OR LESS,STREET,True,62,41.791120495,-87.728006096
2006,3,2006-03-17 09:22:39,NARCOTICS,POSS: CANNABIS MORE THAN 30GMS,RESIDENCE,True,62,41.794321417,-87.715833899
2006,3,2006-03-24 18:50:14,NARCOTICS,POSS: COCAINE,SIDEWALK,True,62,41.789676295999996,-87.71652386
2006,3,2006-03-14 19:31:00,THEFT,$500 AND UNDER,HOTEL/MOTEL,False,62,41.79639731,-87.723251281
2006,3,2006-03-20 12:00:00,THEFT,FINANCIAL ID THEFT: OVER $300,RESIDENCE,False,62,41.798239005,-87.723303495
2006,3,2006-03-17 18:59:00,THEFT,RETAIL THEFT,SMALL RETAIL STORE,False,62,41.799701946999996,-87.7233483
2006,3,2006-03-03 00:07:00,CRIMINAL DAMAGE,CRIMINAL DEFACEMENT,CTA PLATFORM,False,62,41.785519673,-87.738567526
2006,3,2006-03-01 00:01:00,THEFT,FINANCIAL ID THEFT: OVER $300,RESIDENCE,False,62,41.800649589,-87.71631594600001
2006,4,2006-04-28 21:08:00,HOMICIDE,FIRST DEGREE MURDER,STREET,True,62,41.791462084,-87.718945315
2006,4,2006-04-01 11:40:00,CRIMINAL DAMAGE,TO VEHICLE,STREET,False,62,41.795014449,-87.72744871
2006,4,2006-04-01 13:10:00,THEFT,$500 AND UNDER,PARKING LOT/GARAGE(NON.RESID.),False,62,41.796216156999996,-87.723245665
2006,4,2006-04-01 08:30:00,THEFT,$500 AND UNDER,PARKING LOT/GARAGE(NON.RESID.),False,62,41.79826919,-87.723303209
2006,4,2006-04-01 13:50:00,ASSAULT,SIMPLE,RESIDENCE,False,62,41.788831437,-87.73528072299999
2006,4,2006-04-01 17:40:00,BURGLARY,FORCIBLE ENTRY,RESIDENCE,False,62,41.798081666,-87.715940831
2006,4,2006-04-01 19:00:00,BURGLARY,FORCIBLE ENTRY,RESIDENCE,False,62,41.794585416,-87.71952057700001
2006,4,2006-04-02 18:35:00,DECEPTIVE PRACTICE,CREDIT CARD FRAUD,SMALL RETAIL STORE,False,62,41.79798376,-87.72329858100001
2006,4,2006-04-02 00:50:00,ROBBERY,ARMED: HANDGUN,RESIDENCE-GARAGE,False,62,41.790730748,-87.727995095
2006,4,2006-04-02 22:00:00,MOTOR VEHICLE THEFT,AUTOMOBILE,STREET,False,62,41.788630382,-87.726768119
2006,4,2006-04-02 15:00:00,THEFT,FROM BUILDING,DRUG STORE,False,62,41.785930664,-87.723266186
2006,4,2006-04-04 08:30:00,CRIMINAL DAMAGE,TO VEHICLE,STREET,False,62,41.787856019,-87.716372635
2006,4,2006-04-04 19:05:00,ROBBERY,ATTEMPT: STRONGARM-NO WEAPON,ALLEY,False,62,41.792313463,-87.72681407200001
2006,4,2006-04-01 17:00:00,CRIMINAL DAMAGE,TO PROPERTY,RESIDENCE,False,62,41.794434469,-87.71951835
2006,4,2006-04-04 21:00:00,CRIMINAL DAMAGE,CRIMINAL DEFACEMENT,CTA PLATFORM,False,62,41.800464977,-87.723370404
2006,4,2006-04-03 16:30:00,CRIMINAL DAMAGE,CRIMINAL DEFACEMENT,RESIDENCE-GARAGE,False,62,41.796194942,-87.714660715
2006,4,2006-04-03 23:30:00,MOTOR VEHICLE THEFT,AUTOMOBILE,STREET,False,62,41.791344433,-87.72831935299999
2006,4,2006-04-04 18:45:00,ASSAULT,SIMPLE,RESIDENCE PORCH/HALLWAY,False,62,41.788725421,-87.71934546799999
2006,4,2006-04-03 20:20:00,THEFT,FROM BUILDING,BARBERSHOP,False,62,41.790748717,-87.72309215899999
2006,4,2006-04-04 20:45:00,THEFT,OVER $500,PARKING LOT/GARAGE(NON.RESID.),False,62,41.79769829,-87.72328661799999
2006,4,2006-04-06 05:40:00,BATTERY,DOMESTIC BATTERY SIMPLE,RESIDENCE,False,62,41.793106085,-87.734569904
2006,4,2006-04-05 11:00:00,CRIMINAL TRESPASS,TO RESIDENCE,RESIDENCE,False,62,41.794828101,-87.71462618700001
2006,4,2006-04-03 22:27:00,CRIMINAL DAMAGE,TO VEHICLE,CTA BUS,False,62,41.793191592,-87.72473019799999
2006,4,2006-04-06 11:40:00,THEFT,$500 AND UNDER,PARKING LOT/GARAGE(NON.RESID.),False,62,41.79798376,-87.72329858100001
2006,4,2006-04-06 12:00:00,MOTOR VEHICLE THEFT,AUTOMOBILE,PARKING LOT/GARAGE(NON.RESID.),False,62,41.79826919,-87.723303209
2006,4,2006-04-06 01:00:00,CRIMINAL DAMAGE,TO VEHICLE,STREET,False,62,41.796290471999995,-87.717116891
2006,4,2006-04-06 19:00:00,OTHER OFFENSE,HARASSMENT BY TELEPHONE,RESIDENCE,False,62,41.800609898000005,-87.719151344
2006,4,2006-04-04 00:30:00,CRIMINAL DAMAGE,TO VEHICLE,STREET,False,62,41.796453491,-87.735503252
2006,4,2006-04-06 17:20:00,ASSAULT,SIMPLE,STREET,False,62,41.786078311,-87.713932974
2006,4,2006-04-04 21:30:00,ROBBERY,AGGRAVATED VEHICULAR HIJACKING,STREET,False,62,41.789021785,-87.73284047
2006,4,2006-04-06 00:10:00,CRIMINAL DAMAGE,TO VEHICLE,STREET,False,62,41.787820419,-87.718947086
2006,4,2006-04-06 15:45:00,PUBLIC PEACE VIOLATION,RECKLESS CONDUCT,SIDEWALK,True,62,41.800464977,-87.723370404
2006,4,2006-04-07 16:00:00,CRIMINAL DAMAGE,TO VEHICLE,STREET,False,62,41.800084205,-87.714773675
2006,4,2006-04-07 22:00:00,CRIMINAL DAMAGE,TO VEHICLE,STREET,False,62,41.800084205,-87.714773675
2006,4,2006-04-07 22:50:00,CRIMINAL DAMAGE,TO VEHICLE,STREET,False,62,41.792418837,-87.714157967
2006,4,2006-04-08 01:10:00,CRIMINAL DAMAGE,TO VEHICLE,STREET,True,62,41.794172021,-87.72073469200001
2006,4,2006-04-05 19:47:00,CRIMINAL DAMAGE,TO VEHICLE,CTA BUS,True,62,41.79639731,-87.723251281
2006,4,2006-04-09 03:40:00,SEX OFFENSE,PUBLIC INDECENCY,ALLEY,True,62,41.794225854000004,-87.719509339
2006,4,2006-04-08 00:35:00,MOTOR VEHICLE THEFT,AUTOMOBILE,STREET,False,62,41.79409584,-87.735444483
2006,4,2006-04-10 06:05:00,MOTOR VEHICLE THEFT,"TRUCK, BUS, MOTOR HOME",STREET,False,62,41.790748717,-87.72309215899999
2006,4,2006-04-10 15:30:00,BATTERY,DOMESTIC BATTERY SIMPLE,RESIDENCE,False,62,41.793154163000004,-87.72855536700001
2006,4,2006-04-08 19:30:00,BATTERY,DOMESTIC BATTERY SIMPLE,RESIDENCE,False,62,41.796125995,-87.730599451
2006,4,2006-04-09 16:30:00,MOTOR VEHICLE THEFT,AUTOMOBILE,OTHER,False,62,41.79798376,-87.72329858100001
2006,4,2006-04-10 12:20:00,THEFT,PURSE-SNATCHING,SIDEWALK,False,62,41.789323494,-87.725503835
2006,4,2006-04-08 15:00:00,THEFT,$500 AND UNDER,STREET,False,62,41.7886331,-87.726243731
2006,4,2006-04-11 02:52:00,BATTERY,DOMESTIC BATTERY SIMPLE,APARTMENT,False,62,41.793103531999996,-87.734606599
2006,4,2006-04-10 13:31:00,CRIMINAL DAMAGE,CRIMINAL DEFACEMENT,MEDICAL/DENTAL OFFICE,False,62,41.792549212,-87.72313742200001
2006,4,2006-04-10 14:10:00,CRIMINAL DAMAGE,TO PROPERTY,RESIDENCE,False,62,41.79797972,-87.722022363
2006,4,2006-04-09 13:20:00,THEFT,OVER $500,OTHER,False,62,41.79826919,-87.723303209
2006,4,2006-04-09 02:10:00,CRIMINAL DAMAGE,TO VEHICLE,STREET,False,62,41.794254097,-87.730543645
2006,4,2006-04-11 12:00:00,THEFT,FROM BUILDING,DEPARTMENT STORE,False,62,41.79639731,-87.723251281
2006,4,2006-04-10 19:30:00,CRIMINAL DAMAGE,CRIMINAL DEFACEMENT,MEDICAL/DENTAL OFFICE,False,62,41.792549212,-87.72313742200001
2006,4,2006-04-11 22:00:00,CRIMINAL DAMAGE,TO PROPERTY,RESIDENCE-GARAGE,False,62,41.785966295,-87.721194153
2006,4,2006-04-11 15:55:00,ASSAULT,SIMPLE,ANIMAL HOSPITAL,False,62,41.794363486,-87.72319355799999
2006,4,2006-04-10 22:27:00,CRIMINAL DAMAGE,TO STATE SUP PROP,PARK PROPERTY,True,62,41.787202025,-87.73278411700001
2006,4,2006-04-12 21:30:00,CRIMINAL DAMAGE,CRIMINAL DEFACEMENT,RESIDENCE-GARAGE,False,62,41.792610652,-87.72437265100001
2006,4,2006-04-12 21:30:00,CRIMINAL DAMAGE,CRIMINAL DEFACEMENT,RESIDENCE-GARAGE,False,62,41.792689203,-87.72314342899999
2006,4,2006-04-12 20:00:00,THEFT,OVER $500,ALLEY,False,62,41.799658688,-87.720891486
2006,4,2006-04-12 22:00:00,CRIMINAL DAMAGE,TO VEHICLE,STREET,False,62,41.797960511,-87.722022545
2006,4,2006-04-13 23:00:00,MOTOR VEHICLE THEFT,THEFT/RECOVERY: AUTOMOBILE,STREET,False,62,41.792661286,-87.732949519
2006,4,2006-04-12 21:00:00,DECEPTIVE PRACTICE,COUNTERFEITING DOCUMENT,SMALL RETAIL STORE,False,62,41.785930664,-87.723266186
2006,4,2006-04-14 03:00:00,CRIMINAL DAMAGE,TO PROPERTY,RESIDENCE,False,62,41.792689203,-87.72314342899999
2006,4,2006-04-14 21:10:00,DECEPTIVE PRACTICE,THEFT OF LABOR/SERVICES,STREET,True,62,41.796087163,-87.723243221
2006,4,2006-04-11 14:52:00,DECEPTIVE PRACTICE,ILLEGAL USE CASH CARD,BANK,False,62,41.79826919,-87.723303209
2006,4,2006-04-13 23:00:00,CRIMINAL DAMAGE,TO VEHICLE,VEHICLE NON-COMMERCIAL,False,62,41.786825055,-87.735222369
2006,4,2006-04-14 15:30:00,DECEPTIVE PRACTICE,FORGERY,BANK,True,62,41.799540004,-87.723342501
2006,4,2006-04-15 07:07:00,BATTERY,DOMESTIC BATTERY SIMPLE,APARTMENT,False,62,41.792377897,-87.71675098799999
2006,4,2006-04-15 19:45:00,THEFT,OVER $500,PARKING LOT/GARAGE(NON.RESID.),False,62,41.794591289,-87.72319873200001
2006,4,2006-04-16 00:30:00,THEFT,$500 AND UNDER,STREET,False,62,41.79826919,-87.723303209
2006,4,2006-04-16 16:00:00,THEFT,FROM BUILDING,SMALL RETAIL STORE,False,62,41.79798376,-87.72329858100001
2006,4,2006-04-16 12:30:00,THEFT,FROM BUILDING,OTHER,False,62,41.793115777,-87.73327165100001
2006,4,2006-04-12 23:50:23,PUBLIC PEACE VIOLATION,OTHER VIOLATION,HOTEL/MOTEL,True,62,41.796087163,-87.723243221
2006,4,2006-04-13 14:14:00,ASSAULT,AGGRAVATED: OTHER DANG WEAPON,PARK PROPERTY,True,62,41.789021785,-87.73284047
2006,4,2006-04-17 03:46:00,MOTOR VEHICLE THEFT,AUTOMOBILE,DRIVEWAY - RESIDENTIAL,True,62,41.789704402,-87.714605786
2006,4,2006-04-17 14:00:00,THEFT,OVER $500,STREET,False,62,41.787529201999995,-87.723005355
2006,4,2006-04-17 20:00:00,THEFT,OVER $500,STREET,False,62,41.794465466,-87.73422720399999
2006,4,2006-04-17 14:00:00,THEFT,$500 AND UNDER,SIDEWALK,False,62,41.792500867,-87.72437002299999
2006,4,2006-04-18 00:40:00,CRIMINAL DAMAGE,TO VEHICLE,VEHICLE NON-COMMERCIAL,False,62,41.796325393000004,-87.729376369
2006,4,2006-04-18 00:40:00,CRIMINAL DAMAGE,TO VEHICLE,VEHICLE NON-COMMERCIAL,False,62,41.796248556,-87.72937709
2006,4,2006-04-18 00:40:00,CRIMINAL DAMAGE,TO VEHICLE,VEHICLE NON-COMMERCIAL,False,62,41.796267765,-87.72937691
2006,4,2006-04-17 21:00:00,THEFT,$500 AND UNDER,STREET,False,62,41.790637495,-87.735340943
2006,4,2006-04-19 01:30:00,CRIMINAL DAMAGE,CRIMINAL DEFACEMENT,CTA GARAGE / OTHER PROPERTY,False,62,41.785519673,-87.738567526
2006,4,2006-04-19 12:00:00,THEFT,$500 AND UNDER,GROCERY FOOD STORE,False,62,41.792035958,-87.723123955
2006,4,2006-04-18 15:00:00,THEFT,FROM BUILDING,RESIDENCE,False,62,41.793997032,-87.73544173399999
2006,4,2006-04-18 20:30:00,MOTOR VEHICLE THEFT,AUTOMOBILE,STREET,True,62,41.790731687,-87.729216194
2006,4,2006-04-19 14:00:00,MOTOR VEHICLE THEFT,AUTOMOBILE,CTA GARAGE / OTHER PROPERTY,False,62,41.800464977,-87.723370404
2006,4,2006-04-18 19:35:00,DECEPTIVE PRACTICE,ILLEGAL USE CASH CARD,SMALL RETAIL STORE,True,62,41.799647045,-87.723345153
2006,4,2006-04-19 17:45:00,CRIMINAL DAMAGE,TO VEHICLE,STREET,False,62,41.796440331999996,-87.71589424
2006,4,2006-04-16 12:35:00,MOTOR VEHICLE THEFT,AUTOMOBILE,ALLEY,False,62,41.792414949,-87.714455038
2006,4,2006-04-18 09:00:00,BURGLARY,UNLAWFUL ENTRY,APARTMENT,False,62,41.786035399,-87.71666876100001
2006,4,2006-04-20 13:11:00,DECEPTIVE PRACTICE,CREDIT CARD FRAUD,RESTAURANT,True,62,41.79826919,-87.723303209
2006,4,2006-04-20 14:15:00,CRIMINAL DAMAGE,TO VEHICLE,STREET,True,62,41.796087163,-87.723243221
2006,4,2006-04-21 14:00:00,THEFT,RETAIL THEFT,SMALL RETAIL STORE,False,62,41.799647045,-87.723345153
2006,4,2006-04-22 02:30:00,CRIMINAL DAMAGE,TO VEHICLE,STREET,False,62,41.786996174,-87.732778704
2006,4,2006-04-22 04:45:00,ARSON,ATTEMPT ARSON,RESIDENCE,False,62,41.796422673,-87.720797608
2006,4,2006-04-22 00:00:00,BURGLARY,FORCIBLE ENTRY,RESIDENCE-GARAGE,False,62,41.78879601,-87.714599853
2006,4,2006-04-23 06:10:00,THEFT,$500 AND UNDER,SIDEWALK,False,62,41.796216156999996,-87.723245665
2006,4,2006-04-22 22:00:00,CRIMINAL DAMAGE,TO VEHICLE,STREET,False,62,41.794111413,-87.73421949899999
2006,4,2006-04-23 22:00:00,CRIMINAL DAMAGE,CRIMINAL DEFACEMENT,CTA GARAGE / OTHER PROPERTY,False,62,41.800464977,-87.723370404
2006,4,2006-04-22 11:00:00,BATTERY,AGGRAVATED: OTHER DANG WEAPON,RESIDENCE,False,62,41.787777192,-87.721646279
2006,4,2006-04-23 21:30:00,BATTERY,DOMESTIC BATTERY SIMPLE,SIDEWALK,False,62,41.788887251,-87.73757200799999
2006,4,2006-04-23 19:40:00,BATTERY,SIMPLE,RESTAURANT,False,62,41.797201502,-87.723272993
2006,4,2006-04-23 18:50:00,THEFT,RETAIL THEFT,GROCERY FOOD STORE,True,62,41.796216156999996,-87.723245665
2006,4,2006-04-18 21:30:00,THEFT,OVER $500,PARKING LOT/GARAGE(NON.RESID.),False,62,41.79639731,-87.723251281
2006,4,2006-04-22 00:00:00,CRIMINAL DAMAGE,CRIMINAL DEFACEMENT,RESIDENTIAL YARD (FRONT/BACK),False,62,41.785858015,-87.73082030200001
2006,4,2006-04-24 15:00:00,THEFT,FROM BUILDING,SMALL RETAIL STORE,False,62,41.799701946999996,-87.7233483
2006,4,2006-04-24 09:00:00,THEFT,$500 AND UNDER,STREET,False,62,41.800464977,-87.723370404
2006,4,2006-04-20 19:07:00,THEFT,RETAIL THEFT,SMALL RETAIL STORE,False,62,41.799323177,-87.72333722200001
2006,4,2006-04-15 12:00:00,THEFT,FINANCIAL ID THEFT:$300 &UNDER,RESIDENCE,False,62,41.788729694000004,-87.719118081
2006,4,2006-04-25 05:05:00,BATTERY,DOMESTIC BATTERY SIMPLE,STREET,False,62,41.792532291,-87.732947055
2006,4,2006-04-25 00:00:00,THEFT,$500 AND UNDER,RESIDENTIAL YARD (FRONT/BACK),False,62,41.794072975,-87.73421619
2006,4,2006-04-25 20:20:00,BATTERY,SIMPLE,SIDEWALK,False,62,41.789047374,-87.730390746
2006,4,2006-04-25 16:30:00,THEFT,FROM BUILDING,APARTMENT,False,62,41.79406291,-87.735444789
2006,4,2006-04-25 12:15:00,ROBBERY,ARMED: HANDGUN,GAS STATION,False,62,41.793115777,-87.73327165100001
2006,4,2006-04-26 09:00:00,THEFT,$500 AND UNDER,OTHER,False,62,41.796261409,-87.73182672899999
2006,4,2006-04-26 08:00:00,BURGLARY,FORCIBLE ENTRY,RESIDENCE-GARAGE,False,62,41.794353746999995,-87.72809669200001
2006,4,2006-04-26 19:45:00,MOTOR VEHICLE THEFT,AUTOMOBILE,PARKING LOT/GARAGE(NON.RESID.),False,62,41.797841025,-87.7232926
2006,4,2006-04-26 10:30:00,CRIMINAL DAMAGE,TO VEHICLE,STREET,False,62,41.797333306,-87.72639633899999
2006,4,2006-04-25 22:00:00,CRIMINAL DAMAGE,TO VEHICLE,SIDEWALK,False,62,41.799808989,-87.723350952
2006,4,2006-04-28 00:00:00,CRIMINAL DAMAGE,TO PROPERTY,STREET,False,62,41.792387575,-87.726817041
2006,4,2006-04-28 16:00:00,OTHER OFFENSE,HARASSMENT BY TELEPHONE,RESIDENCE,False,62,41.788656622,-87.723948048
2006,4,2006-04-28 20:34:00,OTHER OFFENSE,TELEPHONE THREAT,RESIDENCE,False,62,41.793146633,-87.729732585
2006,4,2006-04-28 16:00:00,THEFT,OVER $500,GROCERY FOOD STORE,False,62,41.79639731,-87.723251281
2006,4,2006-04-24 15:24:00,ASSAULT,AGG PO HANDS NO/MIN INJURY,SIDEWALK,True,62,41.793130613,-87.73138661
2006,4,2006-04-13 18:00:00,BATTERY,DOMESTIC BATTERY SIMPLE,RESIDENCE,False,62,41.792431625,-87.73416546799999
2006,4,2006-04-28 21:30:00,CRIMINAL DAMAGE,TO VEHICLE,STREET,False,62,41.788943967,-87.735283344
2006,4,2006-04-28 13:45:00,THEFT,$500 AND UNDER,RESIDENCE,False,62,41.793133141,-87.730821849
2006,4,2006-04-29 03:00:00,OTHER OFFENSE,VIOLATE ORDER OF PROTECTION,RESIDENCE,False,62,41.787053765,-87.72910772
2006,4,2006-04-28 20:00:00,THEFT,OVER $500,PARKING LOT/GARAGE(NON.RESID.),False,62,41.796216156999996,-87.723245665
2006,4,2006-04-28 19:20:00,PUBLIC PEACE VIOLATION,RECKLESS CONDUCT,STREET,True,62,41.789644435999996,-87.718771992
2006,4,2006-04-28 07:00:00,CRIMINAL DAMAGE,TO PROPERTY,SMALL RETAIL STORE,False,62,41.791909708,-87.723121485
2006,4,2006-04-25 02:00:00,THEFT,$500 AND UNDER,CTA GARAGE / OTHER PROPERTY,False,62,41.799808989,-87.723350952
2006,4,2006-04-28 22:00:00,CRIMINAL DAMAGE,CRIMINAL DEFACEMENT,RESIDENCE-GARAGE,False,62,41.7890117,-87.73039108100001
2006,4,2006-04-29 17:00:00,THEFT,FROM BUILDING,RESIDENCE,False,62,41.793189683,-87.724887903
2006,4,2006-04-27 15:05:00,ASSAULT,PRO EMP HANDS NO/MIN INJURY,VEHICLE NON-COMMERCIAL,False,62,41.789424331999996,-87.718154385
2006,4,2006-04-28 21:30:00,BURGLARY,FORCIBLE ENTRY,SMALL RETAIL STORE,False,62,41.793271516,-87.718608995
2006,4,2006-04-30 07:00:00,THEFT,$500 AND UNDER,GROCERY FOOD STORE,False,62,41.796216156999996,-87.723245665
2006,4,2006-04-22 03:00:00,OTHER OFFENSE,TELEPHONE THREAT,RESIDENCE,False,62,41.79441791,-87.733002802
2006,4,2006-04-23 22:00:00,CRIMINAL DAMAGE,TO CITY OF CHICAGO PROPERTY,OTHER RAILROAD PROP / TRAIN DEPOT,False,62,41.799808989,-87.723350952
2006,4,2006-04-30 19:00:00,MOTOR VEHICLE THEFT,ATT: AUTOMOBILE,CTA GARAGE / OTHER PROPERTY,False,62,41.800464977,-87.723370404
2006,4,2006-04-30 17:30:00,BATTERY,DOMESTIC BATTERY SIMPLE,RESIDENCE,True,62,41.800609898000005,-87.719151344
2006,4,2006-04-30 13:10:00,THEFT,OVER $500,PARKING LOT/GARAGE(NON.RESID.),False,62,41.794591289,-87.72319873200001
2006,4,2006-04-29 11:40:00,MOTOR VEHICLE THEFT,ATT: AUTOMOBILE,STREET,False,62,41.79116865,-87.723102845
2006,4,2006-04-28 09:58:00,CRIMINAL DAMAGE,CRIMINAL DEFACEMENT,CTA TRAIN,False,62,41.785519673,-87.738567526
2006,4,2006-04-28 15:15:00,BATTERY,SIMPLE,STREET,False,62,41.791344433,-87.72831935299999
2006,4,2006-04-25 08:00:00,MOTOR VEHICLE THEFT,AUTOMOBILE,STREET,False,62,41.794072975,-87.73421619
2006,4,2006-04-05 22:15:00,NARCOTICS,POSS: HEROIN(WHITE),CTA PLATFORM,True,62,41.799808989,-87.723350952
2006,4,2006-04-28 00:00:00,THEFT,FINANCIAL ID THEFT: OVER $300,RESIDENCE,False,62,41.786001203000005,-87.718993789
2006,4,2006-04-26 10:00:00,THEFT,FROM BUILDING,BANK,False,62,41.797841025,-87.7232926
2006,4,2006-04-20 22:33:17,NARCOTICS,POSS: CANNABIS 30GMS OR LESS,STREET,True,62,41.788465796,-87.72057634299999
2006,4,2006-04-15 11:40:00,NARCOTICS,POSS: CANNABIS 30GMS OR LESS,SIDEWALK,True,62,41.800580831,-87.72141816799999
2006,4,2006-04-21 13:21:19,NARCOTICS,POSS: HALLUCINOGENS,SIDEWALK,True,62,41.797715535,-87.71470843600001
2006,4,2006-04-13 22:30:05,NARCOTICS,POSS: COCAINE,STREET,True,62,41.789348946,-87.723057765
2006,4,2006-04-04 13:30:00,NARCOTICS,POSS: CANNABIS 30GMS OR LESS,STREET,True,62,41.786540216999995,-87.71562256600001
2006,4,2006-04-21 16:44:46,NARCOTICS,POSS: CANNABIS MORE THAN 30GMS,APARTMENT,True,62,41.795541367,-87.73425385700001
2006,4,2006-04-26 20:37:50,NARCOTICS,POSS: CANNABIS 30GMS OR LESS,SIDEWALK,False,62,41.789670347,-87.716949281
2006,4,2006-04-22 00:00:00,THEFT,FINANCIAL ID THEFT: OVER $300,RESIDENCE,False,62,41.795674963,-87.73303507799999
2006,4,2006-04-27 19:10:00,NARCOTICS,POSS: CANNABIS 30GMS OR LESS,SIDEWALK,True,62,41.796941229,-87.719234049
2006,4,2006-04-27 21:00:00,NARCOTICS,POSS: CANNABIS 30GMS OR LESS,SIDEWALK,True,62,41.796476526999996,-87.71957587899999
2006,4,2006-04-16 00:59:00,THEFT,$500 AND UNDER,VEHICLE NON-COMMERCIAL,False,62,41.79826919,-87.723303209
2006,5,2006-05-05 09:00:00,THEFT,FINANCIAL ID THEFT: OVER $300,RESIDENCE,False,62,,
2006,5,2006-05-01 00:00:00,BURGLARY,FORCIBLE ENTRY,RESIDENCE-GARAGE,False,62,41.796175733000005,-87.71466090000001
2006,5,2006-05-01 11:00:12,CRIMINAL DAMAGE,CRIMINAL DEFACEMENT,CTA PLATFORM,False,62,41.799808989,-87.723350952
2006,5,2006-05-01 23:15:00,CRIMINAL DAMAGE,TO PROPERTY,RESIDENCE,False,62,41.79220444,-87.724361828
2006,5,2006-05-01 23:00:00,CRIMINAL DAMAGE,CRIMINAL DEFACEMENT,CTA PLATFORM,False,62,41.799808989,-87.723350952
2006,5,2006-05-03 20:25:00,OTHER OFFENSE,OBSCENE TELEPHONE CALLS,RESIDENCE,False,62,41.786039529,-87.716415718
2006,5,2006-05-03 21:00:00,THEFT,OVER $500,OTHER,False,62,41.794226181999996,-87.713946211
2006,5,2006-05-04 18:40:00,BATTERY,DOMESTIC BATTERY SIMPLE,APARTMENT,False,62,41.790554239,-87.73410961100001
2006,5,2006-05-03 15:00:00,BATTERY,SIMPLE,CTA PLATFORM,False,62,41.800464977,-87.723370404
2006,5,2006-05-04 21:00:00,MOTOR VEHICLE THEFT,AUTOMOBILE,STREET,False,62,41.790970316,-87.72555061700001
2006,5,2006-05-05 04:33:35,CRIMINAL DAMAGE,TO PROPERTY,RESIDENCE-GARAGE,False,62,41.796123502,-87.720789455
2006,5,2006-05-04 23:30:00,MOTOR VEHICLE THEFT,AUTOMOBILE,STREET,False,62,41.78778355,-87.721294204
2006,5,2006-05-05 14:00:00,THEFT,$500 AND UNDER,RESIDENTIAL YARD (FRONT/BACK),False,62,41.792414573,-87.714385367
2006,5,2006-05-05 21:34:00,WEAPONS VIOLATION,UNLAWFUL POSS OF HANDGUN,RESIDENTIAL YARD (FRONT/BACK),True,62,41.788799415999996,-87.729160998
2006,5,2006-05-06 12:00:00,MOTOR VEHICLE THEFT,AUTOMOBILE,PARKING LOT/GARAGE(NON.RESID.),False,62,41.79826919,-87.723303209
2006,5,2006-05-06 22:30:00,BATTERY,DOMESTIC BATTERY SIMPLE,RESTAURANT,False,62,41.79627106,-87.723248811
2006,5,2006-05-06 17:30:00,DECEPTIVE PRACTICE,COUNTERFEITING DOCUMENT,SMALL RETAIL STORE,False,62,41.79798376,-87.72329858100001
2006,5,2006-05-07 18:30:00,MOTOR VEHICLE THEFT,AUTOMOBILE,PARKING LOT/GARAGE(NON.RESID.),False,62,41.79798376,-87.72329858100001
2006,5,2006-05-07 07:15:00,BATTERY,DOMESTIC BATTERY SIMPLE,RESIDENCE,False,62,41.792196482,-87.735385126
2006,5,2006-05-07 15:45:00,THEFT,$500 AND UNDER,STREET,False,62,41.791414854,-87.721923393
2006,5,2006-05-07 13:20:00,THEFT,RETAIL THEFT,OTHER,True,62,41.799413753,-87.723340031
2006,5,2006-05-08 17:00:00,CRIMINAL DAMAGE,CRIMINAL DEFACEMENT,RESIDENCE,False,62,41.788551476,-87.735272325
2006,5,2006-05-08 19:05:00,MOTOR VEHICLE THEFT,AUTOMOBILE,PARKING LOT/GARAGE(NON.RESID.),False,62,41.794591289,-87.72319873200001
2006,5,2006-05-08 16:10:00,ASSAULT,SIMPLE,RESIDENCE,False,62,41.78737395,-87.727894669
2006,5,2006-05-07 14:15:15,CRIMINAL TRESPASS,TO LAND,OTHER,True,62,41.785519673,-87.738567526
2006,5,2006-05-07 19:05:00,OTHER OFFENSE,OTHER CRIME INVOLVING PROPERTY,OTHER,False,62,41.788650625,-87.724369795
2006,5,2006-05-08 20:00:00,BATTERY,DOMESTIC BATTERY SIMPLE,RESIDENCE,True,62,41.792480876,-87.726816161
2006,5,2006-05-08 05:30:00,THEFT,$500 AND UNDER,PARKING LOT/GARAGE(NON.RESID.),False,62,41.800464977,-87.723370404
2006,5,2006-05-07 17:00:00,CRIMINAL DAMAGE,TO PROPERTY,RESIDENCE-GARAGE,False,62,41.796476006,-87.71589389799999
2006,5,2006-05-07 03:00:00,CRIMINAL DAMAGE,TO VEHICLE,STREET,False,62,41.792412416,-87.73416564600001
2006,5,2006-05-09 12:30:00,THEFT,POCKET-PICKING,SMALL RETAIL STORE,False,62,41.794591289,-87.72319873200001
2006,5,2006-05-08 03:15:00,CRIMINAL DAMAGE,CRIMINAL DEFACEMENT,CTA PLATFORM,False,62,41.799808989,-87.723350952
2006,5,2006-05-09 01:20:00,ASSAULT,SIMPLE,RESIDENCE,False,62,41.792442458000004,-87.726816523
2006,5,2006-05-08 19:00:00,MOTOR VEHICLE THEFT,"TRUCK, BUS, MOTOR HOME",STREET,False,62,41.796142711,-87.720789272
2006,5,2006-05-09 17:40:00,OTHER OFFENSE,TELEPHONE THREAT,RESIDENCE,False,62,41.789540066,-87.726499192
2006,5,2006-05-10 00:05:00,THEFT,OVER $500,PARKING LOT/GARAGE(NON.RESID.),False,62,41.793121712,-87.73230714200001
2006,5,2006-05-08 19:55:00,OTHER OFFENSE,FALSE/STOLEN/ALTERED TRP,VEHICLE NON-COMMERCIAL,True,62,41.787643582,-87.71565231
2006,5,2006-05-10 09:00:00,CRIMINAL DAMAGE,TO VEHICLE,STREET,False,62,41.791028679,-87.723100505
2006,5,2006-05-08 19:00:00,BURGLARY,FORCIBLE ENTRY,RESIDENCE-GARAGE,False,62,41.798026764,-87.71593769100001
2006,5,2006-05-10 18:35:00,THEFT,RETAIL THEFT,DRUG STORE,False,62,41.785930664,-87.723266186
2006,5,2006-05-10 13:00:00,THEFT,FROM BUILDING,SMALL RETAIL STORE,False,62,41.79798376,-87.72329858100001
2006,5,2006-05-10 18:15:00,THEFT,$500 AND UNDER,PARKING LOT/GARAGE(NON.RESID.),True,62,41.793198136,-87.723894031
2006,5,2006-05-11 01:00:00,THEFT,OVER $500,STREET,False,62,41.788736303,-87.737569739
2006,5,2006-05-11 06:00:00,CRIMINAL DAMAGE,TO VEHICLE,STREET,False,62,41.79441791,-87.733002802
2006,5,2006-05-10 19:30:00,CRIMINAL DAMAGE,TO VEHICLE,STREET,False,62,41.799734496,-87.719669486
2006,5,2006-05-06 02:00:00,MOTOR VEHICLE THEFT,AUTOMOBILE,STREET,False,62,41.788657642,-87.73405393600001
2006,5,2006-05-11 22:20:00,THEFT,OVER $500,STREET,False,62,41.794273306,-87.730543465
2006,5,2006-05-10 11:40:00,BURGLARY,FORCIBLE ENTRY,RESIDENCE-GARAGE,True,62,41.789544237,-87.72624980200001
2006,5,2006-05-10 16:00:00,CRIMINAL DAMAGE,TO VEHICLE,STREET,False,62,41.800084205,-87.714773675
2006,5,2006-05-11 21:30:00,BURGLARY,FORCIBLE ENTRY,RESIDENCE-GARAGE,False,62,41.794289771,-87.730543311
2006,5,2006-05-09 21:30:00,MOTOR VEHICLE THEFT,AUTOMOBILE,STREET,False,62,41.787775501999995,-87.721844303
2006,5,2006-05-10 21:30:00,ASSAULT,SIMPLE,APARTMENT,True,62,41.796400793000004,-87.71466607
2006,5,2006-05-11 03:30:00,CRIMINAL DAMAGE,TO PROPERTY,RESIDENCE-GARAGE,False,62,41.794205634,-87.73176894
2006,5,2006-05-09 21:40:00,OTHER OFFENSE,FALSE/STOLEN/ALTERED TRP,VEHICLE NON-COMMERCIAL,True,62,41.789348946,-87.723057765
2006,5,2006-05-12 21:39:00,ROBBERY,ARMED: HANDGUN,GAS STATION,False,62,41.793115777,-87.73327165100001
2006,5,2006-05-12 19:30:00,THEFT,FROM BUILDING,BARBERSHOP,False,62,41.799556469,-87.723342345
2006,5,2006-05-13 17:15:00,CRIMINAL DAMAGE,TO PROPERTY,OTHER,False,62,41.79978978,-87.723351135
2006,5,2006-05-13 19:00:00,THEFT,$500 AND UNDER,STREET,False,62,41.800303052,-87.723368272
2006,5,2006-05-15 01:00:00,MOTOR VEHICLE THEFT,AUTOMOBILE,STREET,True,62,41.800649589,-87.71631594600001
2006,5,2006-05-14 14:40:00,ROBBERY,ARMED: HANDGUN,GAS STATION,False,62,41.792974653,-87.72315172299999
2006,5,2006-05-14 15:30:00,MOTOR VEHICLE THEFT,AUTOMOBILE,PARK PROPERTY,False,62,41.799449427,-87.72333969200001
2006,5,2006-05-13 12:30:00,CRIMINAL DAMAGE,CRIMINAL DEFACEMENT,STREET,True,62,41.791497703000005,-87.716374385
2006,5,2006-05-12 19:30:00,BURGLARY,FORCIBLE ENTRY,RESIDENCE-GARAGE,False,62,41.792228519,-87.734160025
2006,5,2006-05-14 11:30:00,CRIMINAL DAMAGE,TO VEHICLE,STREET,False,62,41.798342419,-87.715949331
2006,5,2006-05-15 10:00:00,THEFT,FROM BUILDING,"SCHOOL, PUBLIC, BUILDING",False,62,41.791380199,-87.724699662
2006,5,2006-05-15 07:00:00,CRIMINAL DAMAGE,TO VEHICLE,STREET,False,62,41.792258561,-87.72681092299999
2006,5,2006-05-17 02:15:00,BURGLARY,FORCIBLE ENTRY,DRUG STORE,False,62,41.793144352,-87.72982061799999
2006,5,2006-05-16 21:45:00,BATTERY,DOMESTIC BATTERY SIMPLE,RESIDENCE,False,62,41.791491871999995,-87.71682181899999
2006,5,2006-05-17 01:20:00,MOTOR VEHICLE THEFT,AUTOMOBILE,STREET,False,62,41.796518477,-87.73428143
2006,5,2006-05-10 18:00:00,THEFT,FROM BUILDING,DRUG STORE,False,62,41.786423093,-87.722975512
2006,5,2006-05-17 03:00:00,MOTOR VEHICLE THEFT,ATT: AUTOMOBILE,STREET,False,62,41.786949858,-87.71627132
2006,5,2006-05-14 05:00:00,CRIMINAL DAMAGE,CRIMINAL DEFACEMENT,CTA PLATFORM,False,62,41.785519673,-87.738567526
2006,5,2006-05-16 13:50:00,CRIMINAL DAMAGE,TO PROPERTY,HOTEL/MOTEL,False,62,41.79639731,-87.723251281
2006,5,2006-05-16 18:00:00,KIDNAPPING,CHILD ABDUCTION/STRANGER,STREET,False,62,41.787529201999995,-87.723005355
2006,5,2006-05-17 07:20:00,CRIMINAL DAMAGE,TO VEHICLE,STREET,False,62,41.795048316999996,-87.723993855
2006,5,2006-05-17 21:30:00,CRIMINAL DAMAGE,TO VEHICLE,STREET,False,62,41.794111413,-87.73421949899999
2006,5,2006-05-18 09:30:00,MOTOR VEHICLE THEFT,AUTOMOBILE,STREET,False,62,41.789060149,-87.729165884
2006,5,2006-05-19 03:25:00,CRIMINAL DAMAGE,TO PROPERTY,RESIDENCE,False,62,41.79441791,-87.733002802
2006,5,2006-05-18 08:30:00,THEFT,FROM BUILDING,"SCHOOL, PUBLIC, BUILDING",False,62,41.791380199,-87.724699662
2006,5,2006-05-20 00:05:00,CRIMINAL TRESPASS,TO LAND,RESIDENCE,True,62,41.792339224,-87.73171305
2006,5,2006-05-19 17:40:00,CRIMINAL DAMAGE,TO PROPERTY,RESIDENCE,False,62,41.787227632,-87.73033812799999
2006,5,2006-05-20 18:00:00,CRIMINAL DAMAGE,TO PROPERTY,RESIDENCE-GARAGE,False,62,41.788947619,-87.729163273
2006,5,2006-05-20 22:25:00,BATTERY,DOMESTIC BATTERY SIMPLE,RESIDENCE,False,62,41.792355597,-87.72803848
2006,5,2006-05-20 19:10:00,BATTERY,DOMESTIC BATTERY SIMPLE,RESIDENCE,False,62,41.793264814000004,-87.718895096
2006,5,2006-05-20 23:00:00,BURGLARY,FORCIBLE ENTRY,RESIDENCE-GARAGE,False,62,41.792463622,-87.73662211899999
2006,5,2006-05-20 21:00:00,CRIMINAL DAMAGE,CRIMINAL DEFACEMENT,CTA PLATFORM,False,62,41.800464977,-87.723370404
2006,5,2006-05-12 08:00:00,THEFT,FINANCIAL ID THEFT: OVER $300,RESIDENCE,False,62,41.796010973,-87.720786859
2006,5,2006-05-21 01:05:00,CRIMINAL DAMAGE,TO PROPERTY,RESIDENCE,True,62,41.798008681999995,-87.717170112
2006,5,2006-05-21 01:00:00,CRIMINAL DAMAGE,TO PROPERTY,RESIDENCE,True,62,41.797970244,-87.71716681299999
2006,5,2006-05-21 15:15:00,MOTOR VEHICLE THEFT,ATT: AUTOMOBILE,PARKING LOT/GARAGE(NON.RESID.),False,62,41.79798376,-87.72329858100001
2006,5,2006-05-19 15:00:00,CRIMINAL DAMAGE,TO VEHICLE,SIDEWALK,False,62,41.786966879,-87.730329572
2006,5,2006-05-21 15:00:00,MOTOR VEHICLE THEFT,AUTOMOBILE,STREET,False,62,41.787814578,-87.719394494
2006,5,2006-05-22 02:00:00,MOTOR VEHICLE THEFT,AUTOMOBILE,PARKING LOT/GARAGE(NON.RESID.),True,62,41.795541367,-87.73425385700001
2006,5,2006-05-19 20:05:00,THEFT,OVER $500,PARKING LOT/GARAGE(NON.RESID.),False,62,41.796216156999996,-87.723245665
2006,5,2006-05-21 16:33:00,OTHER OFFENSE,TELEPHONE THREAT,RESIDENCE,False,62,41.786983340999996,-87.733999861
2006,5,2006-05-22 21:00:00,THEFT,$500 AND UNDER,STREET,False,62,41.796216156999996,-87.723245665
2006,5,2006-05-22 15:00:00,CRIMINAL DAMAGE,TO VEHICLE,PARKING LOT/GARAGE(NON.RESID.),False,62,41.791983819,-87.723124449
2006,5,2006-05-21 23:00:57,BATTERY,DOMESTIC BATTERY SIMPLE,RESIDENCE,True,62,41.796125995,-87.730599451
2006,5,2006-05-20 21:20:00,BATTERY,SIMPLE,CTA TRAIN,False,62,41.785519673,-87.738567526
2006,5,2006-05-23 12:00:00,THEFT,$500 AND UNDER,VEHICLE NON-COMMERCIAL,False,62,41.793044592,-87.718255453
2006,5,2006-05-23 17:15:00,CRIMINAL DAMAGE,TO VEHICLE,STREET,False,62,41.799323177,-87.72333722200001
2006,5,2006-05-23 11:00:00,THEFT,$500 AND UNDER,CTA GARAGE / OTHER PROPERTY,False,62,41.800464977,-87.723370404
2006,5,2006-05-21 07:15:00,ASSAULT,SIMPLE,RESIDENCE,False,62,41.795986927,-87.73549658600001
2006,5,2006-05-23 10:30:00,BATTERY,SIMPLE,SIDEWALK,False,62,41.789047374,-87.730390746
2006,5,2006-05-23 20:00:00,THEFT,RETAIL THEFT,DEPARTMENT STORE,False,62,41.799520795,-87.723342683
2006,5,2006-05-22 23:00:00,CRIMINAL DAMAGE,CRIMINAL DEFACEMENT,CTA GARAGE / OTHER PROPERTY,False,62,41.800464977,-87.723370404
2006,5,2006-05-25 01:15:00,CRIMINAL DAMAGE,TO VEHICLE,VEHICLE NON-COMMERCIAL,False,62,41.795843289000004,-87.73059109799999
2006,5,2006-05-18 08:45:00,CRIMINAL DAMAGE,CRIMINAL DEFACEMENT,CTA PLATFORM,False,62,41.799808989,-87.723350952
2006,5,2006-05-25 17:50:00,BATTERY,SIMPLE,STREET,False,62,41.793158667,-87.728368301
2006,5,2006-05-25 18:55:00,CRIMINAL DAMAGE,TO PROPERTY,RESTAURANT,False,62,41.797201502,-87.723272993
2006,5,2006-05-25 11:35:00,PUBLIC PEACE VIOLATION,RECKLESS CONDUCT,SIDEWALK,True,62,41.799540004,-87.723342501
2006,5,2006-05-26 10:00:00,OTHER OFFENSE,HARASSMENT BY TELEPHONE,COMMERCIAL / BUSINESS OFFICE,False,62,41.799575678000004,-87.723342163
2006,5,2006-05-25 14:30:00,THEFT,FROM BUILDING,"SCHOOL, PUBLIC, BUILDING",False,62,41.791380199,-87.724699662
2006,5,2006-05-26 16:00:00,ROBBERY,STRONGARM - NO WEAPON,CTA PLATFORM,False,62,41.800464977,-87.723370404
2006,5,2006-05-26 15:58:00,BATTERY,AGG: HANDS/FIST/FEET SERIOUS INJURY,CTA GARAGE / OTHER PROPERTY,True,62,41.800464977,-87.723370404
2006,5,2006-05-26 11:00:00,THEFT,$500 AND UNDER,PARKING LOT/GARAGE(NON.RESID.),False,62,41.79445955,-87.72319631399999
2006,5,2006-05-26 06:00:00,CRIMINAL DAMAGE,CRIMINAL DEFACEMENT,RESIDENCE-GARAGE,False,62,41.794160776,-87.730540853
2006,5,2006-05-25 20:10:00,BURGLARY,UNLAWFUL ENTRY,RESIDENCE-GARAGE,False,62,41.787858231,-87.716273609
2006,5,2006-05-28 02:00:00,BATTERY,SIMPLE,ALLEY,False,62,41.786837885,-87.73032711399999
2006,5,2006-05-28 02:00:00,THEFT,FROM BUILDING,BAR OR TAVERN,False,62,41.790232719,-87.723078719
2006,5,2006-05-27 12:36:00,CRIMINAL DAMAGE,CRIMINAL DEFACEMENT,SIDEWALK,False,62,41.79639731,-87.723251281
2006,5,2006-05-27 06:49:00,DECEPTIVE PRACTICE,COUNTERFEITING DOCUMENT,GAS STATION,False,62,41.786072648,-87.71440970299999
2006,5,2006-05-25 19:30:00,ASSAULT,AGGRAVATED:KNIFE/CUTTING INSTR,RESIDENCE,False,62,41.794314014,-87.71394903299999
2006,5,2006-05-28 18:31:00,WEAPONS VIOLATION,POSS FIREARM/AMMO:NO FOID CARD,STREET,True,62,41.799857503,-87.715993468
2006,5,2006-05-27 20:49:00,CRIMINAL DAMAGE,TO PROPERTY,RESIDENCE,False,62,41.78880653,-87.714005718
2006,5,2006-05-30 12:00:00,MOTOR VEHICLE THEFT,AUTOMOBILE,STREET,False,62,41.797895927,-87.723295746
2006,5,2006-05-30 16:15:00,ROBBERY,STRONGARM - NO WEAPON,SIDEWALK,False,62,41.800464977,-87.723370404
2006,5,2006-05-29 13:00:00,THEFT,FROM BUILDING,RESIDENCE,False,62,41.787134310999996,-87.73033533600001
2006,5,2006-05-30 15:50:00,BATTERY,SIMPLE,STREET,False,62,41.800464977,-87.723370404
2006,5,2006-05-28 20:10:00,CRIMINAL DAMAGE,TO VEHICLE,STREET,False,62,41.790770178,-87.73289382600001
2006,5,2006-05-31 06:00:00,CRIMINAL DAMAGE,TO VEHICLE,PARKING LOT/GARAGE(NON.RESID.),False,62,41.800464977,-87.723370404
2006,5,2006-05-26 12:30:00,BURGLARY,FORCIBLE ENTRY,OTHER,True,62,41.796408692,-87.734278785
2006,5,2006-05-30 21:30:00,ASSAULT,SIMPLE,HOTEL/MOTEL,False,62,41.79639731,-87.723251281
2006,5,2006-05-31 00:45:00,BATTERY,SIMPLE,RESIDENCE PORCH/HALLWAY,False,62,41.793133622,-87.73091352200001
2006,5,2006-05-26 12:00:00,THEFT,OVER $500,PARKING LOT/GARAGE(NON.RESID.),False,62,41.797330103,-87.726829118
2006,5,2006-05-18 22:38:02,MOTOR VEHICLE THEFT,ATT: AUTOMOBILE,PARKING LOT/GARAGE(NON.RESID.),False,62,41.79826919,-87.723303209
2006,5,2006-05-30 00:00:00,OTHER OFFENSE,VEHICLE TITLE/REG OFFENSE,STREET,False,62,41.791003246,-87.725550306
2006,5,2006-05-31 16:30:00,MOTOR VEHICLE THEFT,AUTOMOBILE,STREET,True,62,41.796177336,-87.719564064
2006,5,2006-05-31 00:00:00,CRIMINAL TRESPASS,TO RESIDENCE,RESIDENCE,False,62,41.792410191,-87.714590766
2006,5,2006-05-09 17:30:00,BATTERY,AGG PRO.EMP: OTHER DANG WEAPON,AIRPORT/AIRCRAFT,True,62,41.792641130999996,-87.73539932899999
2006,5,2006-05-14 00:00:00,SEX OFFENSE,CRIMINAL SEXUAL ABUSE,RESIDENCE,True,62,41.792178147,-87.72925761799999
2006,5,2006-05-03 03:13:55,NARCOTICS,POSS: BARBITUATES,STREET,True,62,41.787848388,-87.71699606799999
2006,5,2006-05-05 18:45:00,NARCOTICS,POSS: CANNABIS 30GMS OR LESS,SIDEWALK,True,62,41.792373747,-87.71700039
2006,5,2006-05-10 05:45:00,NARCOTICS,POSS: COCAINE,RESIDENCE,True,62,41.792093084,-87.73661088799999
2006,5,2006-05-10 20:10:00,NARCOTICS,MANU/DEL:CANNABIS OVER 10 GMS,VEHICLE NON-COMMERCIAL,True,62,41.78595605,-87.721846926
2006,5,2006-05-26 12:40:00,NARCOTICS,POSS: CRACK,STREET,True,62,41.796161669,-87.73059911700001
2006,5,2006-05-20 14:15:00,NARCOTICS,POSS: CRACK,ALLEY,True,62,41.790289791,-87.736554273
2006,5,2006-05-10 13:00:00,THEFT,FINANCIAL ID THEFT: OVER $300,RESIDENCE,False,62,41.801187071,-87.71726436200001
2006,5,2006-05-01 00:01:00,THEFT,FINANCIAL ID THEFT: OVER $300,RESIDENCE,False,62,41.796010973,-87.720786859
2006,5,2006-05-26 22:15:55,NARCOTICS,POSS: CRACK,GAS STATION,True,62,41.792974653,-87.72315172299999
2006,5,2006-05-05 16:49:00,NARCOTICS,POSS: CANNABIS 30GMS OR LESS,STREET,True,62,41.789486529,-87.73197440700001
2006,5,2006-05-01 00:00:00,THEFT,FINANCIAL ID THEFT:$300 &UNDER,RESIDENCE,False,62,41.788471001,-87.734048341
2006,5,2006-05-13 12:30:00,DECEPTIVE PRACTICE,FRAUD OR CONFIDENCE GAME,PARKING LOT/GARAGE(NON.RESID.),False,62,41.792974653,-87.72315172299999
2006,5,2006-05-18 16:34:00,DECEPTIVE PRACTICE,FORGERY,RESIDENCE,False,62,41.797329542,-87.72672277
2006,5,2006-05-23 00:00:00,DECEPTIVE PRACTICE,FINAN EXPLOIT-ELDERLY/DISABLED,BANK,False,62,41.796216156999996,-87.723245665
2006,6,2006-06-01 03:00:00,CRIM SEXUAL ASSAULT,NON-AGGRAVATED,RESIDENCE,True,62,,
2006,6,2006-06-01 22:00:00,MOTOR VEHICLE THEFT,AUTOMOBILE,STREET,False,62,41.786945709,-87.7165207
2006,6,2006-06-01 11:40:00,THEFT,FROM BUILDING,"SCHOOL, PUBLIC, BUILDING",False,62,41.791380199,-87.724699662
2006,6,2006-06-01 19:45:00,THEFT,RETAIL THEFT,GROCERY FOOD STORE,True,62,41.796216156999996,-87.723245665
2006,6,2006-06-02 04:00:00,CRIMINAL DAMAGE,TO PROPERTY,RESIDENCE,False,62,41.790664869000004,-87.72799204799999
2006,6,2006-06-03 15:15:00,CRIMINAL DAMAGE,CRIMINAL DEFACEMENT,CTA TRAIN,True,62,41.785519673,-87.738567526
2006,6,2006-06-03 12:20:00,OFFENSE INVOLVING CHILDREN,AGG CRIM SEX ABUSE FAM MEMBER,RESIDENCE,True,62,41.794141567,-87.730541033
2006,6,2006-06-03 17:30:00,CRIMINAL DAMAGE,TO VEHICLE,STREET,False,62,41.794122358,-87.730541213
2006,6,2006-06-03 20:30:00,THEFT,OVER $500,RESIDENCE,False,62,41.79128667,-87.73457950299999
2006,6,2006-06-01 15:00:00,OTHER OFFENSE,TELEPHONE THREAT,RESIDENCE,False,62,41.791489816,-87.716950185
2006,6,2006-06-02 15:00:00,MOTOR VEHICLE THEFT,AUTOMOBILE,STREET,False,62,41.79826919,-87.723303209
2006,6,2006-06-03 17:00:00,DECEPTIVE PRACTICE,ILLEGAL USE CASH CARD,ATM (AUTOMATIC TELLER MACHINE),False,62,41.799540004,-87.723342501
2006,6,2006-06-04 19:08:00,ASSAULT,SIMPLE,CURRENCY EXCHANGE,False,62,41.792974653,-87.72315172299999
2006,6,2006-06-04 19:10:00,PUBLIC PEACE VIOLATION,RECKLESS CONDUCT,PARK PROPERTY,True,62,41.794960104,-87.732253294
2006,6,2006-06-04 19:30:00,ASSAULT,AGGRAVATED: OTHER DANG WEAPON,PARKING LOT/GARAGE(NON.RESID.),False,62,41.79798376,-87.72329858100001
2006,6,2006-06-04 17:20:00,PUBLIC PEACE VIOLATION,RECKLESS CONDUCT,SIDEWALK,True,62,41.791417325,-87.721872031
2006,6,2006-06-05 16:00:00,OTHER OFFENSE,TELEPHONE THREAT,APARTMENT,False,62,41.793115777,-87.73327165100001
2006,6,2006-06-07 21:00:00,CRIMINAL DAMAGE,CRIMINAL DEFACEMENT,OTHER,False,62,41.799323177,-87.72333722200001
2006,6,2006-06-08 20:03:00,ASSAULT,AGGRAVATED: HANDGUN,STREET,True,62,41.794472384,-87.715839784
2006,6,2006-06-06 22:30:00,THEFT,RETAIL THEFT,GROCERY FOOD STORE,True,62,41.796216156999996,-87.723245665
2006,6,2006-06-08 15:30:00,BURGLARY,FORCIBLE ENTRY,RESIDENCE,False,62,41.791454048,-87.71949544700001
2006,6,2006-06-09 00:30:00,MOTOR VEHICLE THEFT,AUTOMOBILE,ALLEY,False,62,41.789434524,-87.73726625299999
2006,6,2006-06-05 20:00:00,CRIMINAL DAMAGE,TO VEHICLE,STREET,False,62,41.79826919,-87.723303209
2006,6,2006-06-06 14:00:00,CRIMINAL DAMAGE,TO VEHICLE,STREET,False,62,41.787040988,-87.73400299
2006,6,2006-06-03 03:00:00,CRIMINAL DAMAGE,TO VEHICLE,STREET,False,62,41.787896282,-87.71416481899999
2006,6,2006-06-05 16:50:00,ASSAULT,SIMPLE,CTA GARAGE / OTHER PROPERTY,False,62,41.79639731,-87.723251281
2006,6,2006-06-09 21:30:00,MOTOR VEHICLE THEFT,AUTOMOBILE,OTHER,False,62,41.797330103,-87.726829118
2006,6,2006-06-11 01:20:00,BATTERY,SIMPLE,BAR OR TAVERN,False,62,41.790993005,-87.723100843
2006,6,2006-06-09 00:01:00,CRIMINAL DAMAGE,TO VEHICLE,STREET,False,62,41.793301573,-87.716536776
2006,6,2006-06-11 16:00:00,THEFT,$500 AND UNDER,PARKING LOT/GARAGE(NON.RESID.),False,62,41.799808989,-87.723350952
2006,6,2006-06-10 16:00:00,BURGLARY,FORCIBLE ENTRY,RESIDENCE-GARAGE,False,62,41.793214536,-87.72233167700001
2006,6,2006-06-11 17:30:00,THEFT,OVER $500,PARKING LOT/GARAGE(NON.RESID.),False,62,41.800464977,-87.723370404
2006,6,2006-06-11 22:00:00,CRIMINAL DAMAGE,CRIMINAL DEFACEMENT,CTA GARAGE / OTHER PROPERTY,False,62,41.800464977,-87.723370404
2006,6,2006-06-11 19:45:00,THEFT,RETAIL THEFT,GROCERY FOOD STORE,True,62,41.796216156999996,-87.723245665
2006,6,2006-06-09 09:00:00,OTHER OFFENSE,HARASSMENT BY TELEPHONE,RESIDENCE,False,62,41.788651193,-87.72915505600001
2006,6,2006-06-11 20:00:00,CRIMINAL DAMAGE,TO VEHICLE,STREET,False,62,41.792567894,-87.72926862700001
2006,6,2006-06-13 21:40:00,ASSAULT,SIMPLE,HOTEL/MOTEL,True,62,41.79639731,-87.723251281
2006,6,2006-06-09 14:45:00,THEFT,OVER $500,STREET,False,62,41.799323177,-87.72333722200001
2006,6,2006-06-08 20:55:53,OTHER OFFENSE,FALSE/STOLEN/ALTERED TRP,VEHICLE NON-COMMERCIAL,True,62,41.800679663000004,-87.714254491
2006,6,2006-06-08 18:00:00,CRIMINAL DAMAGE,CRIMINAL DEFACEMENT,RESIDENCE-GARAGE,False,62,41.793284794,-87.717501394
2006,6,2006-06-11 08:00:00,OTHER OFFENSE,HARASSMENT BY TELEPHONE,OTHER,False,62,41.792451753,-87.731715665
2006,6,2006-06-15 20:00:00,MOTOR VEHICLE THEFT,AUTOMOBILE,STREET,False,62,41.788765710999996,-87.71662059399999
2006,6,2006-06-12 14:46:00,BURGLARY,HOME INVASION,RESIDENCE,False,62,41.796421624000004,-87.719572735
2006,6,2006-06-15 15:26:00,BATTERY,AGG: HANDS/FIST/FEET SERIOUS INJURY,CTA TRAIN,False,62,41.799808989,-87.723350952
2006,6,2006-06-13 18:22:31,BATTERY,DOMESTIC BATTERY SIMPLE,RESIDENCE,False,62,41.800014456999996,-87.719677818
2006,6,2006-06-13 14:00:00,THEFT,$500 AND UNDER,RESIDENTIAL YARD (FRONT/BACK),False,62,41.78785422,-87.71654866
2006,6,2006-06-16 16:00:00,THEFT,OVER $500,STREET,False,62,41.79245818,-87.73294408
2006,6,2006-06-14 05:00:00,THEFT,$500 AND UNDER,ALLEY,False,62,41.789605374000004,-87.721221871
2006,6,2006-06-17 10:00:00,CRIMINAL DAMAGE,TO VEHICLE,STREET,False,62,41.789434524,-87.73726625299999
2006,6,2006-06-15 21:45:00,THEFT,OVER $500,RESIDENCE,False,62,41.793269302,-87.718708029
2006,6,2006-06-15 18:16:35,DECEPTIVE PRACTICE,BOGUS CHECK,CURRENCY EXCHANGE,True,62,41.792974653,-87.72315172299999
2006,6,2006-06-15 21:01:19,BATTERY,AGGRAVATED: OTHER DANG WEAPON,CTA PLATFORM,True,62,41.785519673,-87.738567526
2006,6,2006-06-18 04:15:00,ASSAULT,SIMPLE,HOTEL/MOTEL,True,62,41.79639731,-87.723251281
2006,6,2006-06-18 00:00:00,BURGLARY,FORCIBLE ENTRY,RESIDENCE-GARAGE,False,62,41.790476432,-87.736559876
2006,6,2006-06-18 22:00:00,CRIMINAL DAMAGE,CRIMINAL DEFACEMENT,CTA GARAGE / OTHER PROPERTY,False,62,41.800464977,-87.723370404
2006,6,2006-06-18 21:00:00,BURGLARY,FORCIBLE ENTRY,RESIDENCE-GARAGE,False,62,41.787724087,-87.72612030200001
2006,6,2006-06-19 09:00:00,CRIMINAL DAMAGE,TO VEHICLE,STREET,False,62,41.790554239,-87.73410961100001
2006,6,2006-06-18 14:00:00,THEFT,$500 AND UNDER,RESIDENCE PORCH/HALLWAY,False,62,41.794308999,-87.73054679799999
2006,6,2006-06-20 01:30:00,CRIMINAL DAMAGE,TO PROPERTY,RESIDENCE,False,62,41.790857091,-87.731671904
2006,6,2006-06-18 23:00:00,ROBBERY,ARMED: HANDGUN,PARKING LOT/GARAGE(NON.RESID.),False,62,41.79826919,-87.723303209
2006,6,2006-06-19 03:25:00,BURGLARY,FORCIBLE ENTRY,RESIDENCE-GARAGE,True,62,41.788260486,-87.72791933
2006,6,2006-06-19 07:00:00,BURGLARY,UNLAWFUL ENTRY,RESIDENCE-GARAGE,False,62,41.793248994,-87.72004305899999
2006,6,2006-06-15 06:40:35,OTHER OFFENSE,VIOLATE ORDER OF PROTECTION,STREET,True,62,41.800464977,-87.723370404
2006,6,2006-06-14 08:30:00,OTHER OFFENSE,OTHER CRIME AGAINST PERSON,"SCHOOL, PUBLIC, BUILDING",False,62,41.791380199,-87.724699662
2006,6,2006-06-14 18:40:00,OTHER OFFENSE,TELEPHONE THREAT,RESIDENCE,False,62,41.78785007,-87.716798044
2006,6,2006-06-19 21:30:00,BURGLARY,FORCIBLE ENTRY,RESIDENCE-GARAGE,False,62,41.79047582,-87.723897815
2006,6,2006-06-16 20:50:00,ASSAULT,AGGRAVATED: OTHER DANG WEAPON,STREET,False,62,41.790499355,-87.734110122
2006,6,2006-06-12 14:30:00,DECEPTIVE PRACTICE,ILLEGAL USE CASH CARD,STREET,False,62,41.800649589,-87.71631594600001
2006,6,2006-06-22 00:00:00,BURGLARY,FORCIBLE ENTRY,RESIDENCE-GARAGE,False,62,41.79039964,-87.732882616
2006,6,2006-06-15 07:00:00,CRIMINAL DAMAGE,TO VEHICLE,CTA GARAGE / OTHER PROPERTY,False,62,41.800464977,-87.723370404
2006,6,2006-06-17 10:00:00,THEFT,$500 AND UNDER,CTA GARAGE / OTHER PROPERTY,False,62,41.800464977,-87.723370404
2006,6,2006-06-23 21:00:00,CRIMINAL DAMAGE,TO VEHICLE,STREET,False,62,41.787896282,-87.71416481899999
2006,6,2006-06-23 20:00:00,CRIMINAL DAMAGE,TO PROPERTY,ALLEY,False,62,41.790460918,-87.734106813
2006,6,2006-06-23 22:00:00,CRIMINAL DAMAGE,TO VEHICLE,STREET,False,62,41.787896282,-87.71416481899999
2006,6,2006-06-24 10:00:00,THEFT,$500 AND UNDER,STREET,False,62,41.799808989,-87.723350952
2006,6,2006-06-24 21:00:00,CRIMINAL DAMAGE,TO VEHICLE,STREET,False,62,41.790554239,-87.73410961100001
2006,6,2006-06-20 16:15:00,BATTERY,SIMPLE,DRUG STORE,False,62,41.785930664,-87.723266186
2006,6,2006-06-20 14:10:00,BATTERY,DOMESTIC BATTERY SIMPLE,RESIDENCE,False,62,41.790576624,-87.71707261
2006,6,2006-06-20 16:45:00,DECEPTIVE PRACTICE,THEFT OF LABOR/SERVICES,OTHER,False,62,41.799773295,-87.723347623
2006,6,2006-06-19 21:00:00,BURGLARY,ATTEMPT FORCIBLE ENTRY,RESIDENCE-GARAGE,False,62,41.792274283000005,-87.732938462
2006,6,2006-06-25 08:00:00,CRIMINAL DAMAGE,TO PROPERTY,RESIDENCE-GARAGE,False,62,41.79047582,-87.723897815
2006,6,2006-06-25 17:00:00,BURGLARY,FORCIBLE ENTRY,RESIDENCE-GARAGE,False,62,41.790319096,-87.73532923399999
2006,6,2006-06-24 13:00:00,CRIMINAL DAMAGE,TO VEHICLE,CTA GARAGE / OTHER PROPERTY,False,62,41.800464977,-87.723370404
2006,6,2006-06-20 18:20:00,ASSAULT,SIMPLE,PARK PROPERTY,True,62,41.789047374,-87.730390746
2006,6,2006-06-25 13:00:00,MOTOR VEHICLE THEFT,AUTOMOBILE,PARKING LOT/GARAGE(NON.RESID.),False,62,41.799999117,-87.714770826
2006,6,2006-06-20 21:08:00,OTHER OFFENSE,VEHICLE TITLE/REG OFFENSE,VEHICLE NON-COMMERCIAL,True,62,41.793083609,-87.71580910899999
2006,6,2006-06-20 20:00:00,OTHER OFFENSE,TELEPHONE THREAT,OTHER,False,62,41.787529201999995,-87.723005355
2006,6,2006-06-26 20:00:00,BATTERY,AGGRAVATED: OTHER DANG WEAPON,RESTAURANT,False,62,41.797810839,-87.72329288600001
2006,6,2006-06-24 02:00:00,SEX OFFENSE,AGG CRIMINAL SEXUAL ABUSE,RESIDENCE,True,62,41.790834219000004,-87.734121672
2006,6,2006-06-26 19:30:00,MOTOR VEHICLE THEFT,AUTOMOBILE,PARKING LOT/GARAGE(NON.RESID.),False,62,41.79798376,-87.72329858100001
2006,6,2006-06-18 06:00:00,THEFT,OVER $500,PARKING LOT/GARAGE(NON.RESID.),False,62,41.794119198000004,-87.723184873
2006,6,2006-06-15 19:00:00,CRIMINAL DAMAGE,CRIMINAL DEFACEMENT,RESIDENCE-GARAGE,False,62,41.788760978,-87.729157692
2006,6,2006-06-22 14:15:00,BATTERY,DOMESTIC BATTERY SIMPLE,RESIDENCE,False,62,41.787002551,-87.733999682
2006,6,2006-06-19 13:09:00,DECEPTIVE PRACTICE,COUNTERFEITING DOCUMENT,SMALL RETAIL STORE,False,62,41.799666254,-87.723344971
2006,6,2006-06-27 07:00:00,BURGLARY,FORCIBLE ENTRY,PARKING LOT/GARAGE(NON.RESID.),False,62,41.792309957,-87.73293812899999
2006,6,2006-06-27 19:20:00,CRIMINAL DAMAGE,TO PROPERTY,RESIDENCE-GARAGE,False,62,41.78600522,-87.71871874700001
2006,6,2006-06-27 21:10:00,BATTERY,DOMESTIC BATTERY SIMPLE,RESIDENCE,False,62,41.788364783,-87.727922015
2006,6,2006-06-23 19:45:00,BATTERY,DOMESTIC BATTERY SIMPLE,RESIDENCE,False,62,41.79441791,-87.733002802
2006,6,2006-06-23 20:58:00,ASSAULT,SIMPLE,RESIDENCE,True,62,41.790460918,-87.734106813
2006,6,2006-06-28 00:55:47,MOTOR VEHICLE THEFT,ATT: AUTOMOBILE,STREET,False,62,41.787201988,-87.729113661
2006,6,2006-06-24 00:47:00,OTHER OFFENSE,TELEPHONE THREAT,RESIDENCE,False,62,41.785998733,-87.719045147
2006,6,2006-06-17 14:23:00,DECEPTIVE PRACTICE,ILLEGAL USE CASH CARD,BANK,False,62,41.796177739,-87.723246029
2006,6,2006-06-28 22:25:00,OTHER OFFENSE,HARASSMENT BY TELEPHONE,APARTMENT,False,62,41.793115777,-87.73327165100001
2006,6,2006-06-25 00:30:00,BATTERY,DOMESTIC BATTERY SIMPLE,CTA TRAIN,False,62,41.785519673,-87.738567526
2006,6,2006-06-28 21:00:00,CRIMINAL DAMAGE,TO VEHICLE,STREET,False,62,41.790457222,-87.736560054
2006,6,2006-06-25 09:30:00,THEFT,OVER $500,CTA GARAGE / OTHER PROPERTY,False,62,41.800464977,-87.723370404
2006,6,2006-06-25 11:35:00,THEFT,OVER $500,CTA GARAGE / OTHER PROPERTY,False,62,41.789348946,-87.723057765
2006,6,2006-06-26 19:15:00,THEFT,FINANCIAL ID THEFT: OVER $300,RESIDENCE,False,62,41.788596282,-87.736500309
2006,6,2006-06-30 01:07:25,BURGLARY,HOME INVASION,APARTMENT,False,62,41.793146633,-87.729732585
2006,6,2006-06-30 16:00:00,THEFT,$500 AND UNDER,SMALL RETAIL STORE,False,62,41.786552107,-87.722981621
2006,6,2006-06-30 13:00:00,MOTOR VEHICLE THEFT,AUTOMOBILE,PARKING LOT/GARAGE(NON.RESID.),False,62,41.800464977,-87.723370404
2006,6,2006-06-26 20:00:00,CRIMINAL DAMAGE,TO VEHICLE,PARKING LOT/GARAGE(NON.RESID.),False,62,41.797201502,-87.723272993
2006,6,2006-06-24 17:00:00,CRIMINAL DAMAGE,TO PROPERTY,CONSTRUCTION SITE,False,62,41.79116865,-87.723102845
2006,6,2006-06-28 02:55:00,THEFT,OVER $500,STREET,True,62,41.792542238,-87.728044059
2006,6,2006-06-30 19:00:00,CRIMINAL DAMAGE,TO PROPERTY,RESIDENCE-GARAGE,False,62,41.787858487,-87.716321276
2006,6,2006-06-27 14:00:00,DECEPTIVE PRACTICE,BOGUS CHECK,SMALL RETAIL STORE,False,62,41.79798376,-87.72329858100001
2006,6,2006-06-03 21:00:00,CRIMINAL DAMAGE,TO PROPERTY,RESIDENCE-GARAGE,False,62,41.799715287,-87.71966967
2006,6,2006-06-27 17:00:00,THEFT,FINANCIAL ID THEFT:$300 &UNDER,RESIDENCE,False,62,41.792309419,-87.72139416700001
2006,6,2006-06-28 13:05:00,CRIMINAL DAMAGE,TO VEHICLE,PARKING LOT/GARAGE(NON.RESID.),True,62,41.79826919,-87.723303209
2006,6,2006-06-29 05:30:00,MOTOR VEHICLE THEFT,AUTOMOBILE,STREET,False,62,41.800195111,-87.716004898
2006,6,2006-06-26 07:00:00,OTHER OFFENSE,HARASSMENT BY TELEPHONE,RESIDENCE,False,62,41.786868311,-87.72154858200001
2006,6,2006-06-29 01:00:00,BATTERY,DOMESTIC BATTERY SIMPLE,RESIDENCE,True,62,41.793114392,-87.73353203
2006,6,2006-06-25 13:30:00,BATTERY,DOMESTIC BATTERY SIMPLE,RESIDENCE,True,62,41.796125995,-87.730599451
2006,6,2006-06-29 14:00:00,CRIMINAL DAMAGE,CRIMINAL DEFACEMENT,RESIDENCE-GARAGE,False,62,41.794603986999995,-87.721973763
2006,6,2006-06-29 00:01:00,DECEPTIVE PRACTICE,COMPUTER FRAUD,RESIDENCE,False,62,41.791457811,-87.719172712
2006,6,2006-06-27 12:00:00,DECEPTIVE PRACTICE,COUNTERFEITING DOCUMENT,RESIDENCE,False,62,41.790657576,-87.72921322299999
2006,6,2006-06-09 13:25:00,NARCOTICS,POSS: CANNABIS 30GMS OR LESS,STREET,True,62,41.793126446,-87.713571751
2006,6,2006-06-11 20:28:22,NARCOTICS,POSS: CANNABIS 30GMS OR LESS,ALLEY,True,62,41.787153521,-87.73033515600001
2006,6,2006-06-23 20:17:40,NARCOTICS,POSS: CANNABIS 30GMS OR LESS,ALLEY,True,62,41.79334843,-87.71402433799999
2006,6,2006-06-05 17:10:00,NARCOTICS,POSS: CANNABIS 30GMS OR LESS,SIDEWALK,True,62,41.792661286,-87.732949519
2006,6,2006-06-04 09:14:40,NARCOTICS,POSS: COCAINE,STREET,True,62,41.794302208000005,-87.71583408299999
2006,6,2006-06-03 09:00:00,THEFT,FINANCIAL ID THEFT: OVER $300,RESIDENCE,False,62,41.792470062,-87.73416877700001
2006,6,2006-06-22 17:42:12,NARCOTICS,POSS: CANNABIS MORE THAN 30GMS,STREET,True,62,41.793154163000004,-87.72855536700001
2006,6,2006-06-27 23:28:31,NARCOTICS,POSS: COCAINE,STREET,True,62,41.792184469,-87.72681162100001
2006,6,2006-06-25 22:19:09,NARCOTICS,POSS: CANNABIS 30GMS OR LESS,STREET,True,62,41.79321263,-87.722489382
2006,6,2006-06-20 20:27:48,NARCOTICS,POSS: CANNABIS 30GMS OR LESS,STREET,True,62,41.79187129,-87.72312185
2006,6,2006-06-21 22:11:22,NARCOTICS,MANU/DEL:CANNABIS OVER 10 GMS,STREET,True,62,41.789462072,-87.734647819
2006,6,2006-06-21 22:51:52,NARCOTICS,POSS: CANNABIS 30GMS OR LESS,STREET,True,62,41.7895976,-87.72182332
2006,6,2006-06-28 02:40:31,NARCOTICS,POSS: CANNABIS 30GMS OR LESS,STREET,True,62,41.794284088000005,-87.717059099
2006,6,2006-06-12 20:58:00,NARCOTICS,POSS: CRACK,HOTEL/MOTEL,True,62,41.796087163,-87.723243221
2006,6,2006-06-21 22:30:00,NARCOTICS,POSS: CANNABIS MORE THAN 30GMS,VEHICLE NON-COMMERCIAL,True,62,41.798198509,-87.720850378
2006,6,2006-06-27 20:15:00,NARCOTICS,POSS: CANNABIS 30GMS OR LESS,RESIDENCE,True,62,41.796775173,-87.733512567
2006,6,2006-06-01 00:01:00,OTHER OFFENSE,TELEPHONE THREAT,RESIDENCE,False,62,41.790621894000004,-87.714263268
2006,7,2006-07-01 00:05:00,BATTERY,AGG PO HANDS NO/MIN INJURY,STREET,True,62,41.794060528,-87.721956925
2006,7,2006-07-01 00:05:00,BATTERY,DOMESTIC BATTERY SIMPLE,VEHICLE NON-COMMERCIAL,True,62,41.794060528,-87.721956925
2006,7,2006-07-01 07:00:00,THEFT,OVER $500,STREET,False,62,41.800464977,-87.723370404
2006,7,2006-07-01 11:16:00,THEFT,OVER $500,PARKING LOT/GARAGE(NON.RESID.),True,62,41.79798376,-87.72329858100001
2006,7,2006-07-01 23:50:00,CRIMINAL DAMAGE,CRIMINAL DEFACEMENT,CTA PLATFORM,False,62,41.785519673,-87.738567526
2006,7,2006-07-02 11:00:00,THEFT,OVER $500,PARKING LOT/GARAGE(NON.RESID.),False,62,41.786949973,-87.737080262
2006,7,2006-07-02 21:00:00,BURGLARY,FORCIBLE ENTRY,RESIDENCE-GARAGE,False,62,41.786913593,-87.718721071
2006,7,2006-07-03 23:50:00,ROBBERY,STRONGARM - NO WEAPON,RESIDENCE,False,62,41.790570689,-87.730435143
2006,7,2006-07-03 23:00:00,THEFT,$500 AND UNDER,STREET,False,62,41.798289699,-87.718399673
2006,7,2006-07-03 18:30:00,BATTERY,DOMESTIC BATTERY SIMPLE,RESIDENCE,False,62,41.790554239,-87.73410961100001
2006,7,2006-07-03 17:40:00,BATTERY,DOMESTIC BATTERY SIMPLE,RESIDENCE,False,62,41.792442458000004,-87.726816523
2006,7,2006-07-04 23:30:00,MOTOR VEHICLE THEFT,AUTOMOBILE,DRIVEWAY - RESIDENTIAL,False,62,41.794399102,-87.713951881
2006,7,2006-07-03 19:00:00,THEFT,OVER $500,PARKING LOT/GARAGE(NON.RESID.),False,62,41.79826919,-87.723303209
2006,7,2006-07-04 22:00:00,CRIMINAL DAMAGE,TO PROPERTY,RESIDENCE-GARAGE,False,62,41.798008681999995,-87.717170112
2006,7,2006-07-04 22:00:00,BATTERY,SIMPLE,ALLEY,False,62,41.792414573,-87.714385367
2006,7,2006-07-04 09:00:00,DECEPTIVE PRACTICE,COUNTERFEITING DOCUMENT,GROCERY FOOD STORE,False,62,41.786552107,-87.722981621
2006,7,2006-07-02 11:00:00,CRIMINAL DAMAGE,CRIMINAL DEFACEMENT,RESIDENCE-GARAGE,False,62,41.794603986999995,-87.721973763
2006,7,2006-07-05 22:30:00,BATTERY,DOMESTIC BATTERY SIMPLE,APARTMENT,False,62,41.790331923000004,-87.73410434799999
2006,7,2006-07-05 22:20:00,THEFT,OVER $500,CTA GARAGE / OTHER PROPERTY,False,62,41.800464977,-87.723370404
2006,7,2006-07-04 16:00:00,THEFT,OVER $500,RESIDENCE,False,62,41.787775501999995,-87.721844303
2006,7,2006-07-05 18:25:00,CRIMINAL TRESPASS,TO STATE SUP LAND,CTA PLATFORM,True,62,41.799808989,-87.723350952
2006,7,2006-07-06 10:00:00,THEFT,$500 AND UNDER,STREET,False,62,41.800464977,-87.723370404
2006,7,2006-07-05 22:50:00,DECEPTIVE PRACTICE,COUNTERFEITING DOCUMENT,RESTAURANT,False,62,41.786864541,-87.721871294
2006,7,2006-07-06 12:30:00,BATTERY,DOMESTIC BATTERY SIMPLE,RESIDENCE,False,62,41.788496592,-87.735272835
2006,7,2006-07-06 21:00:00,DECEPTIVE PRACTICE,ILLEGAL USE CASH CARD,BANK,False,62,41.797841025,-87.7232926
2006,7,2006-07-06 12:02:55,PUBLIC PEACE VIOLATION,RECKLESS CONDUCT,SIDEWALK,True,62,41.79152851,-87.71444889700001
2006,7,2006-07-07 13:00:00,THEFT,OVER $500,STREET,False,62,41.789208974,-87.723055426
2006,7,2006-07-07 10:50:00,THEFT,$500 AND UNDER,STREET,False,62,41.788633759,-87.72636839799999
2006,7,2006-07-09 11:30:00,THEFT,OVER $500,CTA GARAGE / OTHER PROPERTY,False,62,41.800464977,-87.723370404
2006,7,2006-07-09 10:45:00,CRIMINAL DAMAGE,TO VEHICLE,PARKING LOT/GARAGE(NON.RESID.),False,62,41.796380845,-87.72325143799999
2006,7,2006-07-07 18:00:00,BATTERY,DOMESTIC BATTERY SIMPLE,RESIDENCE,False,62,41.794314014,-87.71394903299999
2006,7,2006-07-10 22:00:00,THEFT,$500 AND UNDER,STREET,False,62,41.786973259,-87.73522465799999
2006,7,2006-07-10 22:00:00,MOTOR VEHICLE THEFT,AUTOMOBILE,STREET,False,62,41.794420395,-87.725646375
2006,7,2006-07-11 06:30:00,THEFT,OVER $500,PARKING LOT/GARAGE(NON.RESID.),False,62,41.799808989,-87.723350952
2006,7,2006-07-11 19:00:00,BURGLARY,FORCIBLE ENTRY,RESIDENCE-GARAGE,False,62,41.794266872,-87.72931868399999
2006,7,2006-07-11 08:40:00,CRIMINAL DAMAGE,TO PROPERTY,RESIDENCE,False,62,41.787134310999996,-87.73033533600001
2006,7,2006-07-11 16:30:00,CRIMINAL DAMAGE,TO PROPERTY,"SCHOOL, PUBLIC, BUILDING",False,62,41.787818204000004,-87.719046111
2006,7,2006-07-12 08:15:00,BATTERY,DOMESTIC BATTERY SIMPLE,RESIDENCE,False,62,41.792480876,-87.726816161
2006,7,2006-07-09 19:00:00,OTHER OFFENSE,OTHER VEHICLE OFFENSE,COMMERCIAL / BUSINESS OFFICE,False,62,41.797329542,-87.72672277
2006,7,2006-07-12 14:30:00,CRIMINAL DAMAGE,TO VEHICLE,PARKING LOT/GARAGE(NON.RESID.),False,62,41.797953555,-87.72329520000001
2006,7,2006-07-13 12:00:00,BURGLARY,FORCIBLE ENTRY,RESIDENCE-GARAGE,False,62,41.78956552,-87.72404944700001
2006,7,2006-07-13 09:45:00,THEFT,PURSE-SNATCHING,SIDEWALK,False,62,41.79956615,-87.722065965
2006,7,2006-07-13 10:00:00,THEFT,OVER $500,VEHICLE NON-COMMERCIAL,False,62,41.793169682,-87.727334067
2006,7,2006-07-13 10:00:00,BATTERY,SIMPLE,PARKING LOT/GARAGE(NON.RESID.),False,62,41.796216156999996,-87.723245665
2006,7,2006-07-13 23:55:00,MOTOR VEHICLE THEFT,"TRUCK, BUS, MOTOR HOME",STREET,False,62,41.788769861,-87.716371206
2006,7,2006-07-14 15:00:00,THEFT,FROM BUILDING,APARTMENT,False,62,41.787775501999995,-87.721844303
2006,7,2006-07-14 10:00:00,THEFT,$500 AND UNDER,SIDEWALK,False,62,41.800464977,-87.723370404
2006,7,2006-07-07 14:00:00,THEFT,$500 AND UNDER,STREET,False,62,41.790577129,-87.731663521
2006,7,2006-07-14 09:00:00,THEFT,FROM BUILDING,APARTMENT,False,62,41.787775501999995,-87.721844303
2006,7,2006-07-09 22:00:00,MOTOR VEHICLE THEFT,"CYCLE, SCOOTER, BIKE W-VIN",PARKING LOT/GARAGE(NON.RESID.),False,62,41.793116466,-87.733403662
2006,7,2006-07-05 10:00:00,DECEPTIVE PRACTICE,BOGUS CHECK,RESIDENCE,False,62,41.793103704,-87.734639602
2006,7,2006-07-11 20:00:00,BURGLARY,UNLAWFUL ENTRY,RESIDENCE,False,62,41.790460918,-87.734106813
2006,7,2006-07-15 17:00:00,THEFT,OVER $500,PARKING LOT/GARAGE(NON.RESID.),False,62,41.79826919,-87.723303209
2006,7,2006-07-15 15:30:00,MOTOR VEHICLE THEFT,AUTOMOBILE,CTA GARAGE / OTHER PROPERTY,False,62,41.799808989,-87.723350952
2006,7,2006-07-12 14:00:00,THEFT,$500 AND UNDER,VEHICLE NON-COMMERCIAL,False,62,41.800464977,-87.723370404
2006,7,2006-07-15 22:05:00,CRIMINAL DAMAGE,TO VEHICLE,STREET,False,62,41.79797078,-87.714713316
2006,7,2006-07-15 08:30:00,CRIMINAL DAMAGE,CRIMINAL DEFACEMENT,RESIDENCE-GARAGE,False,62,41.794603986999995,-87.721973763
2006,7,2006-07-16 15:30:00,THEFT,$500 AND UNDER,CHA PARKING LOT/GROUNDS,False,62,41.799808989,-87.723350952
2006,7,2006-07-16 00:00:00,OTHER OFFENSE,TELEPHONE THREAT,RESIDENCE,False,62,41.790551516,-87.719045685
2006,7,2006-07-15 18:00:00,MOTOR VEHICLE THEFT,"CYCLE, SCOOTER, BIKE W-VIN",STREET,False,62,41.793287145,-87.71742802799999
2006,7,2006-07-17 06:15:00,ASSAULT,AGGRAVATED: OTHER DANG WEAPON,RESIDENCE,False,62,41.793231668000004,-87.72142573299999
2006,7,2006-07-17 01:22:00,WEAPONS VIOLATION,UNLAWFUL POSS OF HANDGUN,BARBERSHOP,True,62,41.796325943,-87.723248291
2006,7,2006-07-17 06:50:00,ARSON,BY FIRE,VEHICLE NON-COMMERCIAL,False,62,41.787095871,-87.734002479
2006,7,2006-07-17 22:00:00,BURGLARY,FORCIBLE ENTRY,RESIDENCE-GARAGE,False,62,41.786913711,-87.71874307
2006,7,2006-07-19 04:30:00,CRIMINAL DAMAGE,TO VEHICLE,STREET,False,62,41.796014753,-87.72201169799999
2006,7,2006-07-19 18:00:00,CRIMINAL DAMAGE,TO VEHICLE,STREET,False,62,41.795480976,-87.73425075200001
2006,7,2006-07-20 00:00:00,BURGLARY,FORCIBLE ENTRY,RESIDENCE-GARAGE,False,62,41.794314338,-87.72686855200001
2006,7,2006-07-20 11:07:00,CRIMINAL DAMAGE,TO VEHICLE,STREET,False,62,41.796549016,-87.714671979
2006,7,2006-07-20 06:00:00,BURGLARY,UNLAWFUL ENTRY,RESIDENCE,False,62,41.789603959000004,-87.721471235
2006,7,2006-07-19 16:35:00,ROBBERY,ARMED: HANDGUN,STREET,False,62,41.786540216999995,-87.71562256600001
2006,7,2006-07-17 12:00:00,BATTERY,SIMPLE,STREET,False,62,41.794591289,-87.72319873200001
2006,7,2006-07-17 12:30:00,CRIMINAL DAMAGE,TO PROPERTY,RESIDENCE,False,62,41.788535011,-87.735272478
2006,7,2006-07-21 19:30:00,THEFT,FROM BUILDING,RESTAURANT,False,62,41.79826919,-87.723303209
2006,7,2006-07-15 15:00:00,BURGLARY,UNLAWFUL ENTRY,RESIDENCE,False,62,41.789640419,-87.719047049
2006,7,2006-07-18 22:00:00,BURGLARY,FORCIBLE ENTRY,RESIDENCE-GARAGE,False,62,41.796121371,-87.71833605399999
2006,7,2006-07-21 18:00:00,THEFT,$500 AND UNDER,STREET,False,62,41.788943967,-87.735283344
2006,7,2006-07-22 09:30:00,BURGLARY,FORCIBLE ENTRY,RESIDENCE-GARAGE,False,62,41.796091233,-87.731820986
2006,7,2006-07-23 10:45:00,MOTOR VEHICLE THEFT,AUTOMOBILE,PARKING LOT/GARAGE(NON.RESID.),False,62,41.79798376,-87.72329858100001
2006,7,2006-07-23 22:00:00,CRIMINAL DAMAGE,CRIMINAL DEFACEMENT,CTA TRAIN,False,62,41.792974653,-87.72315172299999
2006,7,2006-07-18 20:13:00,CRIMINAL DAMAGE,TO CITY OF CHICAGO PROPERTY,"SCHOOL, PUBLIC, GROUNDS",False,62,41.787818204000004,-87.719046111
2006,7,2006-07-23 21:30:00,OFFENSE INVOLVING CHILDREN,CHILD ABDUCTION,RESIDENCE,False,62,41.793213951,-87.72222166899999
2006,7,2006-07-19 09:30:00,BATTERY,SIMPLE,APARTMENT,False,62,41.789605511,-87.72124753799999
2006,7,2006-07-22 22:30:00,BATTERY,DOMESTIC BATTERY SIMPLE,RESIDENCE,False,62,41.795991764,-87.72078704200001
2006,7,2006-07-23 16:15:00,MOTOR VEHICLE THEFT,THEFT/RECOVERY: AUTOMOBILE,PARKING LOT/GARAGE(NON.RESID.),False,62,41.79826919,-87.723303209
2006,7,2006-07-24 22:50:00,ASSAULT,AGGRAVATED: OTHER DANG WEAPON,HOTEL/MOTEL,True,62,41.79639731,-87.723251281
2006,7,2006-07-23 08:55:00,ASSAULT,SIMPLE,HOTEL/MOTEL,True,62,41.79639731,-87.723251281
2006,7,2006-07-23 12:15:00,ASSAULT,AGGRAVATED:KNIFE/CUTTING INSTR,RESIDENCE,True,62,41.78737395,-87.727894669
2006,7,2006-07-15 02:13:00,THEFT,$500 AND UNDER,OTHER,True,62,41.791461692,-87.718871979
2006,7,2006-07-24 16:00:00,THEFT,FROM BUILDING,ANIMAL HOSPITAL,False,62,41.794363486,-87.72319355799999
2006,7,2006-07-23 12:00:00,BURGLARY,FORCIBLE ENTRY,HOTEL/MOTEL,False,62,41.79639731,-87.723251281
2006,7,2006-07-26 21:00:00,MOTOR VEHICLE THEFT,"CYCLE, SCOOTER, BIKE W-VIN",RESIDENTIAL YARD (FRONT/BACK),False,62,41.796774152,-87.733842636
2006,7,2006-07-24 22:40:00,ASSAULT,SIMPLE,STREET,False,62,41.79639731,-87.723251281
2006,7,2006-07-16 00:01:00,THEFT,$500 AND UNDER,STREET,False,62,41.788767668,-87.71647390000001
2006,7,2006-07-17 04:15:00,THEFT,OVER $500,STREET,False,62,41.794514849,-87.73055220399999
2006,7,2006-07-25 12:15:00,BATTERY,DOMESTIC BATTERY SIMPLE,RESIDENCE,False,62,41.793997032,-87.73544173399999
2006,7,2006-07-28 19:10:00,THEFT,$500 AND UNDER,PARKING LOT/GARAGE(NON.RESID.),False,62,41.800464977,-87.723370404
2006,7,2006-07-28 21:30:00,CRIMINAL DAMAGE,TO VEHICLE,STREET,False,62,41.790744542,-87.731665623
2006,7,2006-07-28 21:10:00,ROBBERY,ARMED: HANDGUN,RESTAURANT,False,62,41.793158667,-87.728368301
2006,7,2006-07-29 02:20:00,ROBBERY,ARMED: HANDGUN,PARK PROPERTY,False,62,41.789021785,-87.73284047
2006,7,2006-07-26 16:00:00,THEFT,$500 AND UNDER,PARKING LOT/GARAGE(NON.RESID.),False,62,41.792974653,-87.72315172299999
2006,7,2006-07-30 22:00:00,CRIMINAL DAMAGE,CRIMINAL DEFACEMENT,CTA GARAGE / OTHER PROPERTY,False,62,41.800464977,-87.723370404
2006,7,2006-07-30 19:34:00,ASSAULT,AGGRAVATED: HANDGUN,PARKING LOT/GARAGE(NON.RESID.),False,62,41.799754086,-87.723347806
2006,7,2006-07-27 06:30:00,THEFT,$500 AND UNDER,STREET,False,62,41.790673169,-87.735340611
2006,7,2006-07-28 10:00:00,BATTERY,SIMPLE,GROCERY FOOD STORE,False,62,41.796216156999996,-87.723245665
2006,7,2006-07-31 22:20:00,ROBBERY,STRONGARM - NO WEAPON,ALLEY,False,62,41.794548048,-87.720745781
2006,7,2006-07-27 15:00:00,BATTERY,DOMESTIC BATTERY SIMPLE,RESIDENCE,False,62,41.792442458000004,-87.726816523
2006,7,2006-07-23 12:30:00,BATTERY,DOMESTIC BATTERY SIMPLE,RESIDENCE,False,62,41.793213951,-87.72222166899999
2006,7,2006-07-28 21:37:00,BATTERY,DOMESTIC BATTERY SIMPLE,RESIDENCE,False,62,41.789605511,-87.72124753799999
2006,7,2006-07-21 06:45:00,THEFT,OVER $500,CTA GARAGE / OTHER PROPERTY,False,62,41.800464977,-87.723370404
2006,7,2006-07-22 17:40:00,THEFT,RETAIL THEFT,GROCERY FOOD STORE,True,62,41.79798376,-87.72329858100001
2006,7,2006-07-12 19:25:00,WEAPONS VIOLATION,UNLAWFUL POSS AMMUNITION,APARTMENT,True,62,41.793078806,-87.737239825
2006,7,2006-07-12 16:30:00,OFFENSE INVOLVING CHILDREN,OTHER OFFENSE,RESIDENCE,False,62,41.799950823,-87.71599624
2006,7,2006-07-17 00:30:00,OTHER OFFENSE,TELEPHONE THREAT,RESIDENCE,False,62,41.790551516,-87.719045685
2006,7,2006-07-20 14:45:00,SEX OFFENSE,PUBLIC INDECENCY,PARKING LOT/GARAGE(NON.RESID.),True,62,41.792606403,-87.732950031
2006,7,2006-07-21 21:00:00,OFFENSE INVOLVING CHILDREN,OTHER OFFENSE,RESIDENCE,False,62,41.793213951,-87.72222166899999
2006,7,2006-07-26 19:21:37,NARCOTICS,POSS: CANNABIS 30GMS OR LESS,STREET,True,62,41.792555118,-87.730493556
2006,7,2006-07-25 16:00:00,THEFT,RETAIL THEFT,GROCERY FOOD STORE,True,62,41.79798376,-87.72329858100001
2006,7,2006-07-24 13:00:00,THEFT,OVER $500,STREET,False,62,41.788551476,-87.735272325
2006,7,2006-07-21 21:00:00,THEFT,$500 AND UNDER,PARK PROPERTY,False,62,41.786976965,-87.732778884
2006,7,2006-07-14 14:25:00,CRIMINAL DAMAGE,TO VEHICLE,"SCHOOL, PUBLIC, GROUNDS",False,62,41.786976965,-87.732778884
2006,7,2006-07-20 14:45:00,CRIMINAL DAMAGE,TO PROPERTY,RESIDENCE,False,62,41.789631833,-87.71949449600001
2006,7,2006-07-22 15:40:00,CRIMINAL DAMAGE,TO PROPERTY,HOTEL/MOTEL,True,62,41.79639731,-87.723251281
2006,7,2006-07-29 19:30:00,OTHER OFFENSE,VIOLATE ORDER OF PROTECTION,OTHER,True,62,41.793133622,-87.73091352200001
2006,7,2006-07-29 15:30:00,THEFT,$500 AND UNDER,GROCERY FOOD STORE,False,62,41.787529201999995,-87.723005355
2006,7,2006-07-25 07:00:00,THEFT,POCKET-PICKING,CTA TRAIN,False,62,41.785519673,-87.738567526
2006,7,2006-07-23 10:00:00,DECEPTIVE PRACTICE,CREDIT CARD FRAUD,RESIDENCE,False,62,41.790626276,-87.71405787399999
2006,7,2006-07-21 16:00:00,THEFT,$500 AND UNDER,STREET,False,62,41.794269448,-87.72564413399999
2006,7,2006-07-22 12:00:00,CRIMINAL DAMAGE,TO VEHICLE,CTA GARAGE / OTHER PROPERTY,False,62,41.800464977,-87.723370404
2006,7,2006-07-26 16:45:00,CRIMINAL DAMAGE,TO VEHICLE,STREET,False,62,41.797819296,-87.717164591
2006,7,2006-07-27 09:00:00,CRIMINAL DAMAGE,TO VEHICLE,STREET,False,62,41.789635989000004,-87.719245106
2006,7,2006-07-09 03:00:00,THEFT,$500 AND UNDER,STREET,False,62,41.787529201999995,-87.723005355
2006,7,2006-07-21 07:00:00,DECEPTIVE PRACTICE,FORGERY,BANK,False,62,41.798038643000005,-87.72329806
2006,7,2006-07-06 00:00:00,NARCOTICS,POSS: CRACK,GAS STATION,True,62,41.792974653,-87.72315172299999
2006,7,2006-07-02 19:41:05,LIQUOR LAW VIOLATION,ILLEGAL CONSUMPTION BY MINOR,PARK PROPERTY,True,62,41.787202025,-87.73278411700001
2006,7,2006-07-11 12:31:00,NARCOTICS,POSS: HEROIN(WHITE),STREET,True,62,41.793251327,-87.71996602700001
2006,7,2006-07-10 18:38:14,NARCOTICS,POSS: COCAINE,PARK PROPERTY,True,62,41.794504804,-87.73177714399999
2006,7,2006-07-29 16:35:22,NARCOTICS,POSS: CANNABIS MORE THAN 30GMS,BARBERSHOP,True,62,41.796325943,-87.723248291
2006,7,2006-07-10 20:11:00,NARCOTICS,MANU/DELIVER:CRACK,GAS STATION,True,62,41.803455137,-87.714440501
2006,7,2006-07-18 11:10:49,NARCOTICS,POSS: CANNABIS 30GMS OR LESS,SIDEWALK,True,62,41.795173113000004,-87.71499326
2006,7,2006-07-18 19:38:56,NARCOTICS,POSS: CANNABIS 30GMS OR LESS,STREET,True,62,41.79769829,-87.72328661799999
2006,7,2006-07-01 08:00:00,THEFT,FROM BUILDING,"SCHOOL, PUBLIC, BUILDING",False,62,41.791380199,-87.724699662
2006,7,2006-07-14 16:54:24,NARCOTICS,POSS: CANNABIS 30GMS OR LESS,STREET,True,62,41.789348946,-87.723057765
2006,7,2006-07-20 22:35:13,LIQUOR LAW VIOLATION,ILLEGAL POSSESSION BY MINOR,SIDEWALK,True,62,41.788535011,-87.735272478
2006,7,2006-07-29 02:14:13,NARCOTICS,POSS: COCAINE,STREET,True,62,41.799620251,-87.720888185
2006,7,2006-07-25 22:45:00,NARCOTICS,POSS: CANNABIS 30GMS OR LESS,STREET,True,62,41.788924758,-87.73528352299999
2006,8,2006-08-01 22:30:00,MOTOR VEHICLE THEFT,"CYCLE, SCOOTER, BIKE W-VIN",DRIVEWAY - RESIDENTIAL,False,62,41.788546918,-87.737564158
2006,8,2006-08-03 06:15:00,CRIMINAL DAMAGE,TO VEHICLE,PARKING LOT/GARAGE(NON.RESID.),False,62,41.800464977,-87.723370404
2006,8,2006-08-02 11:00:00,MOTOR VEHICLE THEFT,AUTOMOBILE,PARKING LOT/GARAGE(NON.RESID.),True,62,41.797329542,-87.72672277
2006,8,2006-08-03 23:00:00,THEFT,OVER $500,STREET,False,62,41.792387575,-87.726817041
2006,8,2006-08-05 05:30:00,MOTOR VEHICLE THEFT,AUTOMOBILE,OTHER,False,62,41.800464977,-87.723370404
2006,8,2006-08-05 04:10:00,ASSAULT,AGGRAVATED: HANDGUN,SIDEWALK,False,62,41.787360318000005,-87.718097115
2006,8,2006-08-05 23:30:00,BATTERY,DOMESTIC BATTERY SIMPLE,RESIDENCE,False,62,41.796383206,-87.71957310200001
2006,8,2006-08-06 00:00:00,CRIMINAL DAMAGE,CRIMINAL DEFACEMENT,CTA TRAIN,False,62,41.785519673,-87.738567526
2006,8,2006-08-06 21:00:00,OTHER OFFENSE,HARASSMENT BY TELEPHONE,APARTMENT,False,62,41.796540431,-87.73428122600001
2006,8,2006-08-06 15:00:00,MOTOR VEHICLE THEFT,AUTOMOBILE,PARKING LOT/GARAGE(NON.RESID.),False,62,41.799808989,-87.723350952
2006,8,2006-08-05 22:30:00,BATTERY,AGGRAVATED: OTHER DANG WEAPON,ALLEY,False,62,41.790412417,-87.735332034
2006,8,2006-08-05 19:25:00,BATTERY,DOMESTIC BATTERY SIMPLE,APARTMENT,True,62,41.789434524,-87.73726625299999
2006,8,2006-08-05 18:06:00,BATTERY,DOMESTIC BATTERY SIMPLE,RESIDENCE,False,62,41.790756393,-87.73656828
2006,8,2006-08-07 10:15:00,BATTERY,DOMESTIC BATTERY SIMPLE,RESIDENCE,True,62,41.795991764,-87.72078704200001
2006,8,2006-08-08 00:00:00,BURGLARY,FORCIBLE ENTRY,RESIDENCE-GARAGE,False,62,41.797847981,-87.722019948
2006,8,2006-08-09 18:00:00,CRIMINAL DAMAGE,TO VEHICLE,STREET,False,62,41.790637495,-87.735340943
2006,8,2006-08-10 07:00:00,THEFT,$500 AND UNDER,CTA GARAGE / OTHER PROPERTY,False,62,41.79978978,-87.723351135
2006,8,2006-08-01 19:00:00,CRIMINAL TRESPASS,TO LAND,BARBERSHOP,True,62,41.796325943,-87.723248291
2006,8,2006-08-04 17:00:00,THEFT,DELIVERY CONTAINER THEFT,PARKING LOT/GARAGE(NON.RESID.),False,62,41.794591289,-87.72319873200001
2006,8,2006-08-02 14:30:00,OTHER OFFENSE,OTHER VEHICLE OFFENSE,STREET,True,62,41.792974653,-87.72315172299999
2006,8,2006-08-11 11:43:00,ROBBERY,ARMED: HANDGUN,GROCERY FOOD STORE,True,62,41.79798376,-87.72329858100001
2006,8,2006-08-11 23:00:00,CRIMINAL DAMAGE,TO VEHICLE,STREET,False,62,41.790609107,-87.73043478299999
2006,8,2006-08-12 15:30:00,THEFT,RETAIL THEFT,SMALL RETAIL STORE,False,62,41.79798376,-87.72329858100001
2006,8,2006-08-13 01:07:00,ROBBERY,ARMED: HANDGUN,STREET,False,62,41.794318163,-87.731771555
2006,8,2006-08-12 22:30:00,BATTERY,SIMPLE,SIDEWALK,False,62,41.787746789,-87.72367065200001
2006,8,2006-08-09 15:43:00,THEFT,FROM BUILDING,SMALL RETAIL STORE,True,62,41.799520795,-87.723342683
2006,8,2006-08-12 22:30:00,CRIMINAL DAMAGE,CRIMINAL DEFACEMENT,SMALL RETAIL STORE,False,62,41.786864541,-87.721871294
2006,8,2006-08-12 06:35:00,CRIMINAL DAMAGE,TO PROPERTY,RESIDENCE,False,62,41.788812228000005,-87.73528090200001
2006,8,2006-08-13 08:30:00,BATTERY,DOMESTIC BATTERY SIMPLE,RESIDENCE,False,62,41.792301507,-87.72196997299999
2006,8,2006-08-14 12:30:00,OTHER OFFENSE,TELEPHONE THREAT,RESIDENCE,False,62,41.79677592,-87.733655586
2006,8,2006-08-12 10:00:00,THEFT,OVER $500,OTHER COMMERCIAL TRANSPORTATION,False,62,41.79826919,-87.723303209
2006,8,2006-08-13 22:00:00,CRIMINAL DAMAGE,CRIMINAL DEFACEMENT,CTA GARAGE / OTHER PROPERTY,False,62,41.800464977,-87.723370404
2006,8,2006-08-01 08:13:00,THEFT,$500 AND UNDER,ALLEY,False,62,41.786976965,-87.732778884
2006,8,2006-08-02 03:45:00,THEFT,OVER $500,STREET,False,62,41.79241483,-87.714433037
2006,8,2006-08-14 20:27:00,BATTERY,AGG PO HANDS NO/MIN INJURY,STREET,True,62,41.79798376,-87.72329858100001
2006,8,2006-08-04 21:15:00,OTHER OFFENSE,FALSE/STOLEN/ALTERED TRP,VEHICLE NON-COMMERCIAL,False,62,41.794415826,-87.717061504
2006,8,2006-08-04 09:50:00,CRIMINAL TRESPASS,TO LAND,DRIVEWAY - RESIDENTIAL,False,62,41.794273306,-87.730543465
2006,8,2006-08-04 01:40:00,OTHER OFFENSE,FALSE/STOLEN/ALTERED TRP,STREET,True,62,41.789348946,-87.723057765
2006,8,2006-08-04 20:10:00,OTHER OFFENSE,TELEPHONE THREAT,RESIDENCE,False,62,41.789672147,-87.716773251
2006,8,2006-08-15 19:00:00,CRIMINAL DAMAGE,CRIMINAL DEFACEMENT,RESIDENCE-GARAGE,False,62,41.792419093,-87.714205637
2006,8,2006-08-15 19:48:00,CRIMINAL DAMAGE,CRIMINAL DEFACEMENT,PARK PROPERTY,True,62,41.786976965,-87.732778884
2006,8,2006-08-07 18:23:00,THEFT,RETAIL THEFT,GROCERY FOOD STORE,True,62,41.79798376,-87.72329858100001
2006,8,2006-08-09 12:00:00,THEFT,$500 AND UNDER,ALLEY,False,62,41.790453657,-87.726450239
2006,8,2006-08-01 18:00:00,CRIMINAL DAMAGE,CRIMINAL DEFACEMENT,CLEANING STORE,False,62,41.785827253,-87.733332286
2006,8,2006-08-03 12:20:00,CRIMINAL DAMAGE,TO CITY OF CHICAGO PROPERTY,PARK PROPERTY,False,62,41.786976965,-87.732778884
2006,8,2006-08-06 23:30:00,CRIMINAL DAMAGE,TO PROPERTY,RESIDENCE,False,62,41.796775173,-87.733512567
2006,8,2006-08-17 09:00:00,THEFT,FINANCIAL ID THEFT:$300 &UNDER,RESIDENCE,False,62,41.788630246,-87.72674245200001
2006,8,2006-08-15 11:15:00,THEFT,$500 AND UNDER,SIDEWALK,False,62,41.79503895,-87.724815404
2006,8,2006-08-10 13:50:00,CRIMINAL DAMAGE,TO VEHICLE,PARKING LOT/GARAGE(NON.RESID.),False,62,41.788929012,-87.723047081
2006,8,2006-08-12 04:15:00,CRIMINAL DAMAGE,TO VEHICLE,STREET,False,62,41.788799415999996,-87.729160998
2006,8,2006-08-10 21:30:00,CRIMINAL DAMAGE,TO VEHICLE,CHURCH/SYNAGOGUE/PLACE OF WORSHIP,False,62,41.790453657,-87.726450239
2006,8,2006-08-16 22:00:00,BATTERY,DOMESTIC BATTERY SIMPLE,BAR OR TAVERN,True,62,41.793158667,-87.728368301
2006,8,2006-08-11 12:50:00,CRIMINAL DAMAGE,TO PROPERTY,OTHER,True,62,41.78695405,-87.735224836
2006,8,2006-08-17 17:00:00,CRIMINAL DAMAGE,TO PROPERTY,RESIDENCE-GARAGE,False,62,41.78904094,-87.729166064
2006,8,2006-08-18 09:00:00,CRIMINAL DAMAGE,TO PROPERTY,RESIDENCE,False,62,41.797847981,-87.722019948
2006,8,2006-08-18 10:00:00,THEFT,$500 AND UNDER,PARKING LOT/GARAGE(NON.RESID.),False,62,41.79978978,-87.723351135
2006,8,2006-08-19 00:00:00,MOTOR VEHICLE THEFT,AUTOMOBILE,STREET,False,62,41.80010067,-87.71477351700001
2006,8,2006-08-17 20:30:00,BURGLARY,FORCIBLE ENTRY,DEPARTMENT STORE,False,62,41.79798376,-87.72329858100001
2006,8,2006-08-10 00:01:00,OTHER OFFENSE,TELEPHONE THREAT,RESIDENCE,False,62,41.789563573,-87.72419981
2006,8,2006-08-17 00:57:00,CRIMINAL DAMAGE,CRIMINAL DEFACEMENT,SIDEWALK,True,62,41.788929012,-87.723047081
2006,8,2006-08-14 18:10:00,CRIMINAL TRESPASS,TO LAND,GAS STATION,True,62,41.792974653,-87.72315172299999
2006,8,2006-08-03 12:40:00,DECEPTIVE PRACTICE,COUNTERFEITING DOCUMENT,OTHER,False,62,41.79798376,-87.72329858100001
2006,8,2006-08-18 18:00:00,OTHER OFFENSE,TELEPHONE THREAT,RESIDENCE,False,62,41.796347011,-87.715891469
2006,8,2006-08-07 08:07:38,DECEPTIVE PRACTICE,COUNTERFEITING DOCUMENT,GROCERY FOOD STORE,False,62,41.786552107,-87.722981621
2006,8,2006-08-19 08:15:00,THEFT,$500 AND UNDER,CTA GARAGE / OTHER PROPERTY,False,62,41.799808989,-87.723350952
2006,8,2006-08-18 20:00:00,BATTERY,DOMESTIC BATTERY SIMPLE,RESIDENCE,False,62,41.797748371,-87.720836327
2006,8,2006-08-20 08:00:00,OTHER OFFENSE,HARASSMENT BY TELEPHONE,RESIDENCE,False,62,41.789021731,-87.729166244
2006,8,2006-08-20 22:20:00,BATTERY,DOMESTIC BATTERY SIMPLE,RESIDENCE,True,62,41.792555118,-87.730493556
2006,8,2006-08-20 10:15:00,BATTERY,DOMESTIC BATTERY SIMPLE,RESIDENCE,False,62,41.787134310999996,-87.73033533600001
2006,8,2006-08-19 23:20:00,WEAPONS VIOLATION,UNLAWFUL POSS OF HANDGUN,STREET,True,62,41.790784391,-87.723091821
2006,8,2006-08-19 23:00:00,CRIMINAL DAMAGE,TO VEHICLE,STREET,False,62,41.789674359,-87.716674223
2006,8,2006-08-19 22:00:00,BATTERY,AGGRAVATED: OTHER DANG WEAPON,SIDEWALK,False,62,41.791532398,-87.71415183
2006,8,2006-08-20 05:15:00,BATTERY,DOMESTIC BATTERY SIMPLE,APARTMENT,True,62,41.793079034,-87.73728382799999
2006,8,2006-08-21 00:00:00,CRIMINAL DAMAGE,CRIMINAL DEFACEMENT,RESIDENCE-GARAGE,False,62,41.788986038000004,-87.729162913
2006,8,2006-08-21 17:00:00,MOTOR VEHICLE THEFT,AUTOMOBILE,PARKING LOT/GARAGE(NON.RESID.),False,62,41.79798376,-87.72329858100001
2006,8,2006-08-20 13:00:00,MOTOR VEHICLE THEFT,AUTOMOBILE,CTA GARAGE / OTHER PROPERTY,False,62,41.800464977,-87.723370404
2006,8,2006-08-22 04:41:00,ROBBERY,AGGRAVATED,RESIDENCE PORCH/HALLWAY,True,62,41.795170843,-87.715081295
2006,8,2006-08-21 17:00:00,BATTERY,DOMESTIC BATTERY SIMPLE,RESIDENCE,False,62,41.79241031,-87.714612767
2006,8,2006-08-22 02:10:00,THEFT,$500 AND UNDER,RESIDENTIAL YARD (FRONT/BACK),False,62,41.792689203,-87.72314342899999
2006,8,2006-08-22 03:00:00,BATTERY,DOMESTIC BATTERY SIMPLE,RESIDENCE,False,62,41.789434524,-87.73726625299999
2006,8,2006-08-18 22:00:00,CRIMINAL DAMAGE,CRIMINAL DEFACEMENT,RESIDENCE-GARAGE,False,62,41.788986038000004,-87.729162913
2006,8,2006-08-23 20:00:00,BATTERY,DOMESTIC BATTERY SIMPLE,STREET,False,62,41.794226181999996,-87.713946211
2006,8,2006-08-22 17:05:00,ASSAULT,SIMPLE,RESIDENCE,False,62,41.788850646,-87.735280545
2006,8,2006-08-22 20:15:00,THEFT,$500 AND UNDER,STREET,False,62,41.788899167,-87.73405902100001
2006,8,2006-08-24 12:00:00,CRIMINAL DAMAGE,TO PROPERTY,RESIDENCE,False,62,41.790457222,-87.736560054
2006,8,2006-08-24 06:15:00,MOTOR VEHICLE THEFT,AUTOMOBILE,PARKING LOT/GARAGE(NON.RESID.),False,62,41.800464977,-87.723370404
2006,8,2006-08-24 04:00:00,THEFT,$500 AND UNDER,VEHICLE NON-COMMERCIAL,False,62,41.79798376,-87.72329858100001
2006,8,2006-08-24 06:00:00,MOTOR VEHICLE THEFT,THEFT/RECOVERY: AUTOMOBILE,PARKING LOT/GARAGE(NON.RESID.),False,62,41.799682738,-87.723348482
2006,8,2006-08-25 06:15:00,CRIMINAL DAMAGE,CRIMINAL DEFACEMENT,RESIDENCE-GARAGE,False,62,41.785893417,-87.72711658899999
2006,8,2006-08-20 17:00:00,THEFT,OVER $500,PARKING LOT/GARAGE(NON.RESID.),False,62,41.79826919,-87.723303209
2006,8,2006-08-25 07:00:00,MOTOR VEHICLE THEFT,AUTOMOBILE,PARKING LOT/GARAGE(NON.RESID.),False,62,41.794591289,-87.72319873200001
2006,8,2006-08-20 12:00:00,BURGLARY,UNLAWFUL ENTRY,RESIDENCE,False,62,41.794624903,-87.720748716
2006,8,2006-08-26 22:30:00,MOTOR VEHICLE THEFT,AUTOMOBILE,STREET,False,62,41.787163525,-87.73645493
2006,8,2006-08-27 22:00:00,MOTOR VEHICLE THEFT,AUTOMOBILE,STREET,False,62,41.796310143,-87.72079501200001
2006,8,2006-08-27 00:20:00,ASSAULT,AGGRAVATED: HANDGUN,HOTEL/MOTEL,True,62,41.79639731,-87.723251281
2006,8,2006-08-28 01:00:00,OTHER OFFENSE,HARASSMENT BY ELECTRONIC MEANS,RESIDENCE,False,62,41.787024525999996,-87.730332698
2006,8,2006-08-28 02:10:00,MOTOR VEHICLE THEFT,"CYCLE, SCOOTER, BIKE W-VIN",STREET,False,62,41.796125995,-87.730599451
2006,8,2006-08-27 21:00:00,CRIMINAL DAMAGE,TO VEHICLE,GAS STATION,False,62,41.799737621,-87.723347962
2006,8,2006-08-28 22:00:00,CRIMINAL DAMAGE,CRIMINAL DEFACEMENT,CTA PLATFORM,False,62,41.800464977,-87.723370404
2006,8,2006-08-27 02:50:00,THEFT,OVER $500,ALLEY,False,62,41.788980572,-87.737574811
2006,8,2006-08-24 16:15:00,OTHER OFFENSE,VEHICLE TITLE/REG OFFENSE,ALLEY,True,62,41.793008285999996,-87.720705435
2006,8,2006-08-06 10:30:00,BATTERY,DOMESTIC BATTERY SIMPLE,RESIDENCE,False,62,41.79314646,-87.729699583
2006,8,2006-08-28 23:30:00,BURGLARY,FORCIBLE ENTRY,RESIDENCE-GARAGE,False,62,41.796014753,-87.72201169799999
2006,8,2006-08-29 10:30:00,BURGLARY,UNLAWFUL ENTRY,RESIDENCE-GARAGE,False,62,41.799785553,-87.718440385
2006,8,2006-08-29 14:30:00,THEFT,$500 AND UNDER,RESIDENCE PORCH/HALLWAY,False,62,41.787818341,-87.71907177799999
2006,8,2006-08-27 18:58:00,CRIMINAL DAMAGE,TO VEHICLE,STREET,False,62,41.790834219000004,-87.734121672
2006,8,2006-08-28 20:00:00,MOTOR VEHICLE THEFT,AUTOMOBILE,PARKING LOT/GARAGE(NON.RESID.),False,62,41.796306734,-87.723248473
2006,8,2006-08-16 20:44:00,DECEPTIVE PRACTICE,COUNTERFEIT CHECK,CURRENCY EXCHANGE,False,62,41.792974653,-87.72315172299999
2006,8,2006-08-15 09:00:00,OTHER OFFENSE,TELEPHONE THREAT,RESIDENCE,False,62,41.788931209,-87.73283764899999
2006,8,2006-08-28 12:00:00,CRIMINAL DAMAGE,TO VEHICLE,VEHICLE NON-COMMERCIAL,False,62,41.799808989,-87.723350952
2006,8,2006-08-25 18:00:00,THEFT,$500 AND UNDER,RESIDENCE,False,62,41.797859851,-87.71961402299999
2006,8,2006-08-30 04:00:00,CRIM SEXUAL ASSAULT,NON-AGGRAVATED,PARKING LOT/GARAGE(NON.RESID.),False,62,41.797344969,-87.72496962299999
2006,8,2006-08-30 19:15:00,ASSAULT,SIMPLE,STREET,False,62,41.793307541,-87.716114999
2006,8,2006-08-29 15:00:00,DECEPTIVE PRACTICE,COUNTERFEITING DOCUMENT,SMALL RETAIL STORE,False,62,41.785930664,-87.723266186
2006,8,2006-08-30 11:00:00,BATTERY,DOMESTIC BATTERY SIMPLE,STREET,False,62,41.793106181,-87.73458823899999
2006,8,2006-08-31 16:45:00,BURGLARY,FORCIBLE ENTRY,RESIDENCE,False,62,41.796533653000004,-87.71589701200001
2006,8,2006-08-26 15:00:00,DECEPTIVE PRACTICE,ILLEGAL USE CASH CARD,GROCERY FOOD STORE,False,62,41.796216156999996,-87.723245665
2006,8,2006-08-14 20:35:00,CRIMINAL DAMAGE,CRIMINAL DEFACEMENT,CTA PLATFORM,False,62,41.800464977,-87.723370404
2006,8,2006-08-24 00:00:00,DECEPTIVE PRACTICE,BOGUS CHECK,OTHER,False,62,41.79798376,-87.72329858100001
2006,8,2006-08-19 11:00:00,THEFT,OVER $500,PARKING LOT/GARAGE(NON.RESID.),False,62,41.785519673,-87.738567526
2006,8,2006-08-09 23:25:21,NARCOTICS,POSS: COCAINE,STREET,True,62,41.793197378,-87.72375102
2006,8,2006-08-21 22:17:52,NARCOTICS,POSS: CANNABIS 30GMS OR LESS,STREET,True,62,41.789068984000004,-87.72304942
2006,8,2006-08-24 22:00:06,NARCOTICS,POSS: CANNABIS 30GMS OR LESS,STREET,True,62,41.793262638,-87.719001463
2006,8,2006-08-26 18:37:11,NARCOTICS,POSS: COCAINE,STREET,True,62,41.794504714,-87.72810260600001
2006,8,2006-08-24 23:50:00,NARCOTICS,POSS: CANNABIS 30GMS OR LESS,STREET,True,62,41.794440341,-87.723196496
2006,8,2006-08-29 02:39:01,NARCOTICS,POSS: COCAINE,STREET,True,62,41.792011261,-87.72312418899999
2006,8,2006-08-31 23:28:00,NARCOTICS,POSS: CANNABIS 30GMS OR LESS,VEHICLE NON-COMMERCIAL,True,62,41.796373849,-87.728154699
2006,9,2006-09-10 17:00:00,OFFENSE INVOLVING CHILDREN,SEX ASSLT OF CHILD BY FAM MBR,RESIDENCE,False,62,,
2006,9,2006-09-11 00:01:00,DECEPTIVE PRACTICE,FRAUD OR CONFIDENCE GAME,RESIDENCE,False,62,,
2006,9,2006-09-01 08:00:00,THEFT,$500 AND UNDER,PARKING LOT/GARAGE(NON.RESID.),False,62,41.792974653,-87.72315172299999
2006,9,2006-09-02 10:15:00,CRIMINAL DAMAGE,CRIMINAL DEFACEMENT,RESIDENCE-GARAGE,False,62,41.788653116,-87.724322102
2006,9,2006-09-02 18:00:00,THEFT,$500 AND UNDER,CTA GARAGE / OTHER PROPERTY,False,62,41.800464977,-87.723370404
2006,9,2006-09-03 21:00:00,CRIMINAL DAMAGE,TO VEHICLE,STREET,False,62,41.787680929000004,-87.71341519399999
2006,9,2006-09-03 22:00:00,MOTOR VEHICLE THEFT,AUTOMOBILE,STREET,True,62,41.796421624000004,-87.719572735
2006,9,2006-09-02 14:00:00,BURGLARY,UNLAWFUL ENTRY,RESIDENCE-GARAGE,False,62,41.794520188,-87.726873946
2006,9,2006-09-03 17:00:00,MOTOR VEHICLE THEFT,AUTOMOBILE,PARKING LOT/GARAGE(NON.RESID.),False,62,41.800464977,-87.723370404
2006,9,2006-09-01 12:00:00,BATTERY,DOMESTIC BATTERY SIMPLE,STREET,False,62,41.794492002,-87.73300211
2006,9,2006-09-04 17:45:00,BATTERY,DOMESTIC BATTERY SIMPLE,RESIDENCE,False,62,41.786039273,-87.716368053
2006,9,2006-09-01 15:15:00,CRIMINAL DAMAGE,CRIMINAL DEFACEMENT,FACTORY/MANUFACTURING BUILDING,False,62,41.797518392,-87.72818794
2006,9,2006-09-02 17:00:00,CRIMINAL DAMAGE,CRIMINAL DEFACEMENT,CONSTRUCTION SITE,False,62,41.80067534,-87.71447091799999
2006,9,2006-09-05 19:15:00,OTHER OFFENSE,HARASSMENT BY TELEPHONE,COMMERCIAL / BUSINESS OFFICE,False,62,41.793169682,-87.727334067
2006,9,2006-09-01 16:00:00,BURGLARY,FORCIBLE ENTRY,FACTORY/MANUFACTURING BUILDING,False,62,41.797963022,-87.728198426
2006,9,2006-09-05 06:30:00,MOTOR VEHICLE THEFT,AUTOMOBILE,STREET,True,62,41.790626276,-87.71405787399999
2006,9,2006-09-03 00:00:00,THEFT,OVER $500,GAS STATION,False,62,41.793115777,-87.73327165100001
2006,9,2006-09-02 03:27:00,CRIMINAL DAMAGE,CRIMINAL DEFACEMENT,GAS STATION,False,62,41.786072648,-87.71440970299999
2006,9,2006-09-06 06:00:00,MOTOR VEHICLE THEFT,AUTOMOBILE,CTA GARAGE / OTHER PROPERTY,False,62,41.800464977,-87.723370404
2006,9,2006-09-02 18:00:00,CRIMINAL DAMAGE,TO PROPERTY,RESIDENCE,False,62,41.788850646,-87.735280545
2006,9,2006-09-03 07:30:00,CRIMINAL DAMAGE,TO PROPERTY,APARTMENT,False,62,41.787775501999995,-87.721844303
2006,9,2006-09-05 17:00:00,THEFT,FINANCIAL ID THEFT: OVER $300,RESIDENCE,False,62,41.790577129,-87.731663521
2006,9,2006-09-06 12:28:33,OTHER OFFENSE,HARASSMENT BY TELEPHONE,APARTMENT,False,62,41.793116466,-87.733403662
2006,9,2006-09-07 01:35:00,BURGLARY,FORCIBLE ENTRY,DEPARTMENT STORE,True,62,41.799520795,-87.723342683
2006,9,2006-09-05 05:30:00,THEFT,OVER $500,STREET,False,62,41.792244984,-87.734159872
2006,9,2006-09-06 14:15:00,CRIMINAL DAMAGE,TO VEHICLE,STREET,False,62,41.793083609,-87.71580910899999
2006,9,2006-09-07 15:50:00,BATTERY,AGGRAVATED: OTHER DANG WEAPON,CTA GARAGE / OTHER PROPERTY,False,62,41.800464977,-87.723370404
2006,9,2006-09-07 17:00:00,STALKING,SIMPLE,CTA GARAGE / OTHER PROPERTY,False,62,41.79950433,-87.723342839
2006,9,2006-09-05 11:00:00,ASSAULT,SIMPLE,APARTMENT,False,62,41.79677592,-87.733655586
2006,9,2006-09-08 20:45:00,THEFT,OVER $500,RESIDENCE-GARAGE,False,62,41.788937589,-87.73038810799999
2006,9,2006-09-06 16:00:00,THEFT,$500 AND UNDER,CTA GARAGE / OTHER PROPERTY,True,62,41.800464977,-87.723370404
2006,9,2006-09-08 14:20:00,CRIMINAL DAMAGE,TO VEHICLE,PARKING LOT/GARAGE(NON.RESID.),True,62,41.799682738,-87.723348482
2006,9,2006-09-10 04:05:00,MOTOR VEHICLE THEFT,AUTOMOBILE,ALLEY,False,62,41.792235865,-87.73293882
2006,9,2006-09-09 12:19:00,ASSAULT,SIMPLE,CTA PLATFORM,True,62,41.800464977,-87.723370404
2006,9,2006-09-10 14:00:00,MOTOR VEHICLE THEFT,AUTOMOBILE,STREET,False,62,41.79769829,-87.72328661799999
2006,9,2006-09-10 08:45:00,BATTERY,DOMESTIC BATTERY SIMPLE,RESIDENCE,False,62,41.800631799,-87.71760342799999
2006,9,2006-09-01 15:00:00,CRIMINAL DAMAGE,CRIMINAL DEFACEMENT,OTHER,False,62,41.797518392,-87.72818794
2006,9,2006-09-10 22:28:00,CRIMINAL DAMAGE,TO PROPERTY,FACTORY/MANUFACTURING BUILDING,False,62,41.797963022,-87.728198426
2006,9,2006-09-10 19:35:00,CRIMINAL DAMAGE,CRIMINAL DEFACEMENT,RESIDENCE-GARAGE,False,62,41.787848388,-87.71699606799999
2006,9,2006-09-10 02:45:00,CRIMINAL DAMAGE,TO PROPERTY,RESIDENCE,False,62,41.795183062,-87.714292721
2006,9,2006-09-11 15:00:00,THEFT,OVER $500,RESIDENTIAL YARD (FRONT/BACK),False,62,41.793250857,-87.719878021
2006,9,2006-09-05 17:00:00,DECEPTIVE PRACTICE,ILLEGAL POSSESSION CASH CARD,SMALL RETAIL STORE,False,62,41.799485121,-87.723343021
2006,9,2006-09-10 21:00:00,CRIMINAL DAMAGE,TO VEHICLE,STREET,False,62,41.788986029,-87.736511362
2006,9,2006-09-11 23:00:00,CRIMINAL DAMAGE,CRIMINAL DEFACEMENT,CTA GARAGE / OTHER PROPERTY,False,62,41.800464977,-87.723370404
2006,9,2006-09-07 22:20:00,BATTERY,DOMESTIC BATTERY SIMPLE,RESIDENCE,False,62,41.79677592,-87.733655586
2006,9,2006-09-12 13:00:00,CRIMINAL DAMAGE,CRIMINAL DEFACEMENT,RESIDENCE,False,62,41.792142544,-87.732936024
2006,9,2006-09-10 17:23:00,THEFT,RETAIL THEFT,GROCERY FOOD STORE,True,62,41.79798376,-87.72329858100001
2006,9,2006-09-12 11:30:00,SEX OFFENSE,PUBLIC INDECENCY,CTA TRAIN,False,62,41.785519673,-87.738567526
2006,9,2006-09-11 19:30:00,CRIMINAL DAMAGE,TO VEHICLE,STREET,False,62,41.79240872,-87.736618961
2006,9,2006-09-13 00:00:00,MOTOR VEHICLE THEFT,AUTOMOBILE,STREET,False,62,41.796325393000004,-87.729376369
2006,9,2006-09-11 10:30:00,OTHER OFFENSE,VIOLATE ORDER OF PROTECTION,STREET,True,62,41.795991764,-87.72078704200001
2006,9,2006-09-10 17:45:00,OTHER OFFENSE,OTHER CRIME INVOLVING PROPERTY,STREET,True,62,41.796983450999996,-87.716358447
2006,9,2006-09-13 09:30:00,BURGLARY,FORCIBLE ENTRY,RESIDENCE,False,62,41.789641947,-87.718819685
2006,9,2006-09-11 15:15:00,THEFT,OVER $500,RESIDENTIAL YARD (FRONT/BACK),False,62,41.793250857,-87.719878021
2006,9,2006-09-12 01:00:00,THEFT,RETAIL THEFT,SMALL RETAIL STORE,False,62,41.793121443000004,-87.732255805
2006,9,2006-09-13 22:30:00,BATTERY,DOMESTIC BATTERY SIMPLE,HOTEL/MOTEL,True,62,41.79639731,-87.723251281
2006,9,2006-09-12 22:10:00,OTHER OFFENSE,PROBATION VIOLATION,RESIDENCE PORCH/HALLWAY,True,62,41.794117209,-87.714603686
2006,9,2006-09-12 06:30:00,CRIMINAL DAMAGE,TO VEHICLE,STREET,False,62,41.794268175999996,-87.71460956799999
2006,9,2006-09-13 23:49:00,THEFT,$500 AND UNDER,VEHICLE NON-COMMERCIAL,True,62,41.790763678000005,-87.727994785
2006,9,2006-09-14 13:00:00,MOTOR VEHICLE THEFT,AUTOMOBILE,PARKING LOT/GARAGE(NON.RESID.),False,62,41.800464977,-87.723370404
2006,9,2006-09-14 16:03:00,THEFT,RETAIL THEFT,DRUG STORE,True,62,41.785930664,-87.723266186
2006,9,2006-09-14 14:46:00,OTHER OFFENSE,VIOLATE ORDER OF PROTECTION,RESIDENCE,True,62,41.795991764,-87.72078704200001
2006,9,2006-09-14 16:53:00,OTHER OFFENSE,ANIMAL FIGHTING,SIDEWALK,False,62,41.795168651,-87.71518399899999
2006,9,2006-09-14 22:00:00,CRIMINAL DAMAGE,TO VEHICLE,STREET,False,62,41.785963825,-87.72124551
2006,9,2006-09-14 10:05:22,CRIMINAL TRESPASS,TO LAND,CTA GARAGE / OTHER PROPERTY,True,62,41.800464977,-87.723370404
2006,9,2006-09-12 07:00:00,CRIMINAL DAMAGE,TO VEHICLE,"SCHOOL, PUBLIC, GROUNDS",False,62,41.791380199,-87.724699662
2006,9,2006-09-14 22:00:00,CRIMINAL DAMAGE,TO VEHICLE,STREET,False,62,41.791357379000004,-87.727131115
2006,9,2006-09-14 16:45:00,MOTOR VEHICLE THEFT,AUTOMOBILE,PARKING LOT/GARAGE(NON.RESID.),False,62,41.79826919,-87.723303209
2006,9,2006-09-15 06:30:00,CRIMINAL DAMAGE,TO VEHICLE,STREET,False,62,41.79639731,-87.723251281
2006,9,2006-09-15 07:00:00,THEFT,OVER $500,PARKING LOT/GARAGE(NON.RESID.),False,62,41.800464977,-87.723370404
2006,9,2006-09-15 07:20:00,THEFT,$500 AND UNDER,STREET,False,62,41.788492016,-87.737561
2006,9,2006-09-15 06:30:00,MOTOR VEHICLE THEFT,AUTOMOBILE,CTA GARAGE / OTHER PROPERTY,False,62,41.799808989,-87.723350952
2006,9,2006-09-15 13:00:00,MOTOR VEHICLE THEFT,AUTOMOBILE,RESIDENCE,False,62,41.799769088000005,-87.71844054200001
2006,9,2006-09-15 14:56:00,BATTERY,AGGRAVATED: OTHER DANG WEAPON,PARKING LOT/GARAGE(NON.RESID.),False,62,41.794363486,-87.72319355799999
2006,9,2006-09-11 09:10:00,THEFT,FROM BUILDING,OTHER,False,62,41.793169682,-87.727334067
2006,9,2006-09-06 07:12:00,THEFT,OVER $500,CTA GARAGE / OTHER PROPERTY,False,62,41.800464977,-87.723370404
2006,9,2006-09-16 00:42:00,ASSAULT,AGGRAVATED:KNIFE/CUTTING INSTR,CTA PLATFORM,True,62,41.799808989,-87.723350952
2006,9,2006-09-15 19:00:00,THEFT,OVER $500,PARKING LOT/GARAGE(NON.RESID.),False,62,41.799808989,-87.723350952
2006,9,2006-09-14 21:30:00,CRIMINAL DAMAGE,CRIMINAL DEFACEMENT,RESIDENCE-GARAGE,False,62,41.794173623,-87.73299408
2006,9,2006-09-17 17:00:00,CRIMINAL DAMAGE,TO VEHICLE,STREET,False,62,41.792373747,-87.71700039
2006,9,2006-09-17 15:10:00,BATTERY,DOMESTIC BATTERY SIMPLE,APARTMENT,False,62,41.793271516,-87.718608995
2006,9,2006-09-17 19:00:00,BATTERY,SIMPLE,SIDEWALK,False,62,41.789434524,-87.73726625299999
2006,9,2006-09-17 10:30:00,MOTOR VEHICLE THEFT,ATT: AUTOMOBILE,PARKING LOT/GARAGE(NON.RESID.),False,62,41.799808989,-87.723350952
2006,9,2006-09-16 12:01:00,CRIMINAL DAMAGE,TO PROPERTY,RESTAURANT,False,62,41.78827024,-87.72302032700001
2006,9,2006-09-15 11:30:00,BATTERY,SIMPLE,STREET,True,62,41.79639731,-87.723251281
2006,9,2006-09-18 19:00:00,OTHER OFFENSE,HARASSMENT BY TELEPHONE,RESIDENCE,False,62,41.794340984,-87.729321655
2006,9,2006-09-19 10:00:00,BATTERY,SIMPLE,"SCHOOL, PUBLIC, BUILDING",False,62,41.79116865,-87.723102845
2006,9,2006-09-19 22:15:00,CRIMINAL DAMAGE,TO VEHICLE,VEHICLE NON-COMMERCIAL,False,62,41.794984946999996,-87.729663996
2006,9,2006-09-20 15:05:00,ASSAULT,AGGRAVATED: OTHER DANG WEAPON,SIDEWALK,True,62,41.800464977,-87.723370404
2006,9,2006-09-16 20:03:00,PUBLIC PEACE VIOLATION,RECKLESS CONDUCT,ALLEY,True,62,41.790451436,-87.726549268
2006,9,2006-09-20 21:37:00,BATTERY,SIMPLE,PARKING LOT/GARAGE(NON.RESID.),True,62,41.799342386,-87.72333704
2006,9,2006-09-18 17:30:00,BATTERY,SIMPLE,CTA GARAGE / OTHER PROPERTY,False,62,41.800464977,-87.723370404
2006,9,2006-09-18 08:00:00,THEFT,OVER $500,STREET,False,62,41.795028598,-87.725970681
2006,9,2006-09-18 12:00:00,THEFT,OVER $500,PARKING LOT/GARAGE(NON.RESID.),True,62,41.799808989,-87.723350952
2006,9,2006-09-18 15:00:00,CRIMINAL DAMAGE,TO VEHICLE,DAY CARE CENTER,False,62,41.800464977,-87.723370404
2006,9,2006-09-19 15:30:00,DECEPTIVE PRACTICE,COUNTERFEITING DOCUMENT,GROCERY FOOD STORE,False,62,41.785818718,-87.734326044
2006,9,2006-09-20 00:50:00,THEFT,OVER $500,STREET,True,62,41.795923801,-87.731815217
2006,9,2006-09-22 16:00:00,THEFT,OVER $500,STREET,False,62,41.796373849,-87.728154699
2006,9,2006-09-22 20:00:00,THEFT,PURSE-SNATCHING,STREET,False,62,41.79826919,-87.723303209
2006,9,2006-09-22 18:00:00,BATTERY,AGGRAVATED: OTHER DANG WEAPON,ALLEY,False,62,41.79514927,-87.716684087
2006,9,2006-09-08 15:30:00,OTHER OFFENSE,TELEPHONE THREAT,RESIDENCE,False,62,41.797518392,-87.72818794
2006,9,2006-09-22 10:30:00,BATTERY,SIMPLE,"SCHOOL, PUBLIC, BUILDING",True,62,41.791380199,-87.724699662
2006,9,2006-09-22 17:45:00,BATTERY,SIMPLE,SIDEWALK,False,62,41.796458347,-87.720797268
2006,9,2006-09-22 17:30:00,BATTERY,SIMPLE,STREET,False,62,41.789021785,-87.73284047
2006,9,2006-09-16 08:00:00,THEFT,$500 AND UNDER,STREET,False,62,41.78777731,-87.721668279
2006,9,2006-09-22 21:15:00,BATTERY,SIMPLE,STREET,False,62,41.792974653,-87.72315172299999
2006,9,2006-09-20 00:01:00,CRIMINAL DAMAGE,TO PROPERTY,RESTAURANT,False,62,41.797201502,-87.723272993
2006,9,2006-09-24 03:05:00,CRIMINAL DAMAGE,TO VEHICLE,STREET,False,62,41.788635709,-87.726218038
2006,9,2006-09-22 07:00:00,OTHER OFFENSE,HARASSMENT BY TELEPHONE,APARTMENT,False,62,41.791366065,-87.72617760700001
2006,9,2006-09-23 11:10:00,THEFT,FROM BUILDING,SMALL RETAIL STORE,False,62,41.794119198000004,-87.723184873
2006,9,2006-09-24 20:00:00,ROBBERY,STRONGARM - NO WEAPON,RESIDENCE PORCH/HALLWAY,False,62,41.791259885,-87.737344685
2006,9,2006-09-24 11:08:00,WEAPONS VIOLATION,UNLAWFUL POSS OTHER FIREARM,APARTMENT,False,62,41.791934405,-87.72312125100001
2006,9,2006-09-25 12:54:00,BATTERY,DOMESTIC BATTERY SIMPLE,STREET,True,62,41.791280329,-87.71575674299999
2006,9,2006-09-25 00:11:00,THEFT,FROM BUILDING,HOTEL/MOTEL,False,62,41.79639731,-87.723251281
2006,9,2006-09-21 12:15:00,THEFT,$500 AND UNDER,STREET,False,62,41.790624654,-87.736565835
2006,9,2006-09-27 01:20:00,BATTERY,SIMPLE,STREET,False,62,41.789348946,-87.723057765
2006,9,2006-09-27 17:00:00,CRIMINAL DAMAGE,CRIMINAL DEFACEMENT,RESIDENCE-GARAGE,False,62,41.792696908,-87.72927475
2006,9,2006-09-21 21:30:00,CRIMINAL DAMAGE,TO VEHICLE,VEHICLE NON-COMMERCIAL,True,62,41.790748717,-87.72309215899999
2006,9,2006-09-26 17:53:00,THEFT,$500 AND UNDER,OTHER,False,62,41.797847981,-87.722019948
2006,9,2006-09-27 06:00:00,MOTOR VEHICLE THEFT,"TRUCK, BUS, MOTOR HOME",CTA GARAGE / OTHER PROPERTY,False,62,41.800464977,-87.723370404
2006,9,2006-09-27 20:25:00,BATTERY,DOMESTIC BATTERY SIMPLE,RESIDENCE,False,62,41.792271467,-87.72926040899999
2006,9,2006-09-26 21:20:00,PUBLIC PEACE VIOLATION,RECKLESS CONDUCT,SIDEWALK,True,62,41.788725538,-87.71936746799999
2006,9,2006-09-28 14:20:00,BATTERY,SIMPLE,"SCHOOL, PRIVATE, GROUNDS",False,62,41.79011671,-87.725525678
2006,9,2006-09-28 11:20:00,THEFT,FROM BUILDING,RESIDENCE-GARAGE,False,62,41.796274198,-87.73060173
2006,9,2006-09-27 12:45:00,CRIMINAL TRESPASS,TO LAND,CTA GARAGE / OTHER PROPERTY,True,62,41.800464977,-87.723370404
2006,9,2006-09-28 16:00:00,CRIMINAL TRESPASS,TO LAND,CTA BUS,True,62,41.785519673,-87.738567526
2006,9,2006-09-29 06:00:00,THEFT,OVER $500,PARKING LOT/GARAGE(NON.RESID.),False,62,41.799808989,-87.723350952
2006,9,2006-09-29 09:40:00,ARSON,BY FIRE,RESIDENCE-GARAGE,False,62,41.798214993,-87.720853889
2006,9,2006-09-20 11:00:00,THEFT,FROM BUILDING,"SCHOOL, PUBLIC, BUILDING",False,62,41.791380199,-87.724699662
2006,9,2006-09-30 07:10:00,BATTERY,DOMESTIC BATTERY SIMPLE,HOTEL/MOTEL,True,62,41.79639731,-87.723251281
2006,9,2006-09-30 21:50:00,BATTERY,SIMPLE,RESTAURANT,False,62,41.800464977,-87.723370404
2006,9,2006-09-30 09:09:00,BATTERY,DOMESTIC BATTERY SIMPLE,RESIDENCE,False,62,41.791532279,-87.714129829
2006,9,2006-09-27 15:00:00,BATTERY,SIMPLE,"SCHOOL, PUBLIC, GROUNDS",False,62,41.791380199,-87.724699662
2006,9,2006-09-30 22:42:00,SEX OFFENSE,PUBLIC INDECENCY,PARKING LOT/GARAGE(NON.RESID.),False,62,41.796216156999996,-87.723245665
2006,9,2006-09-30 07:10:00,CRIMINAL DAMAGE,TO PROPERTY,HOTEL/MOTEL,True,62,41.79639731,-87.723251281
2006,9,2006-09-30 22:40:00,MOTOR VEHICLE THEFT,AUTOMOBILE,STREET,False,62,41.80010067,-87.71477351700001
2006,9,2006-09-29 17:00:00,THEFT,$500 AND UNDER,RESIDENCE,False,62,41.796104293,-87.720789638
2006,9,2006-09-29 17:15:00,BATTERY,DOMESTIC BATTERY SIMPLE,RESIDENCE,False,62,41.786815325999996,-87.72604454200001
2006,9,2006-09-01 12:00:00,DECEPTIVE PRACTICE,CREDIT CARD FRAUD,RESIDENCE,False,62,41.791421211999996,-87.72157129799999
2006,9,2006-09-22 00:00:00,DECEPTIVE PRACTICE,CREDIT CARD FRAUD,RESIDENCE,False,62,41.791487466,-87.71702354799999
2006,9,2006-09-05 00:00:00,OTHER OFFENSE,OTHER VEHICLE OFFENSE,PARKING LOT/GARAGE(NON.RESID.),False,62,41.794571363,-87.72565228299999
2006,9,2006-09-06 00:00:00,DECEPTIVE PRACTICE,BOGUS CHECK,RESIDENCE,False,62,41.789563573,-87.72419981
2006,9,2006-09-13 18:00:00,DECEPTIVE PRACTICE,FRAUD OR CONFIDENCE GAME,RESIDENCE,False,62,41.790514392,-87.721345234
2006,9,2006-09-15 21:50:00,CRIMINAL DAMAGE,CRIMINAL DEFACEMENT,CTA PLATFORM,False,62,41.799808989,-87.723350952
2006,9,2006-09-02 13:10:00,NARCOTICS,POSS: CANNABIS 30GMS OR LESS,ALLEY,True,62,41.794282999,-87.715834268
2006,9,2006-09-17 20:17:07,NARCOTICS,POSS: CANNABIS 30GMS OR LESS,STREET,True,62,41.800464977,-87.723370404
2006,9,2006-09-22 10:19:19,NARCOTICS,POSS: CANNABIS 30GMS OR LESS,CTA GARAGE / OTHER PROPERTY,True,62,41.799808989,-87.723350952
2006,9,2006-09-26 02:16:00,NARCOTICS,POSS: CANNABIS 30GMS OR LESS,STREET,True,62,41.79826919,-87.723303209
2006,9,2006-09-25 01:00:00,CRIM SEXUAL ASSAULT,NON-AGGRAVATED,RESIDENCE,False,62,41.79249736,-87.726819673
2006,9,2006-09-05 13:55:00,NARCOTICS,POSS: CANNABIS 30GMS OR LESS,CTA PLATFORM,True,62,41.799808989,-87.723350952
2006,9,2006-09-08 09:00:00,DECEPTIVE PRACTICE,FORGERY,RESIDENCE,False,62,41.800464977,-87.723370404
2006,9,2006-09-29 21:05:17,NARCOTICS,POSS: CANNABIS MORE THAN 30GMS,RESIDENCE,True,62,41.788911999999996,-87.73283782799999
2006,9,2006-09-01 01:00:00,CRIM SEXUAL ASSAULT,NON-AGGRAVATED,PARKING LOT/GARAGE(NON.RESID.),False,62,41.794591289,-87.72319873200001
2006,9,2006-09-09 01:30:00,NARCOTICS,POSS: CANNABIS 30GMS OR LESS,STREET,True,62,41.792674086999995,-87.731724587
2006,9,2006-09-30 14:33:33,NARCOTICS,POSS: CANNABIS 30GMS OR LESS,STREET,True,62,41.786866368000005,-87.72169893799999
2006,9,2006-09-10 12:00:00,OTHER OFFENSE,HARASSMENT BY TELEPHONE,RESIDENCE,False,62,41.789434524,-87.73726625299999
2006,10,2006-10-01 20:00:00,CRIM SEXUAL ASSAULT,AGGRAVATED: OTHER,RESIDENCE,True,62,,
2006,10,2006-10-01 02:00:00,MOTOR VEHICLE THEFT,AUTOMOBILE,STREET,False,62,41.789605374000004,-87.721221871
2006,10,2006-10-01 01:30:00,CRIMINAL DAMAGE,TO PROPERTY,RESIDENCE,False,62,41.788725538,-87.71936746799999
2006,10,2006-10-01 20:15:00,THEFT,OVER $500,PARKING LOT/GARAGE(NON.RESID.),False,62,41.800303052,-87.723368272
2006,10,2006-10-01 22:35:00,OTHER OFFENSE,TELEPHONE THREAT,RESIDENCE,False,62,41.794282999,-87.715834268
2006,10,2006-10-01 22:20:00,CRIMINAL DAMAGE,TO PROPERTY,RESTAURANT,True,62,41.797201502,-87.723272993
2006,10,2006-10-01 22:30:00,CRIMINAL DAMAGE,TO VEHICLE,STREET,False,62,41.788676851,-87.73405375799999
2006,10,2006-10-02 19:40:00,ROBBERY,ARMED: HANDGUN,PARK PROPERTY,False,62,41.794959836,-87.732201955
2006,10,2006-10-01 14:30:00,BATTERY,AGGRAVATED DOMESTIC BATTERY: OTHER DANG WEAPON,STREET,False,62,41.791532279,-87.714129829
2006,10,2006-10-03 05:00:00,MOTOR VEHICLE THEFT,AUTOMOBILE,STREET,False,62,41.796184553,-87.731823781
2006,10,2006-10-03 14:00:00,THEFT,$500 AND UNDER,SIDEWALK,False,62,41.787723815999996,-87.726068969
2006,10,2006-10-04 01:20:00,OTHER OFFENSE,HARASSMENT BY TELEPHONE,RESIDENCE,False,62,41.800681241,-87.71403809
2006,10,2006-10-03 16:00:00,ROBBERY,STRONGARM - NO WEAPON,STREET,False,62,41.78880051,-87.714416466
2006,10,2006-10-04 16:00:00,BATTERY,AGGRAVATED: OTHER DANG WEAPON,STREET,False,62,41.799592161999996,-87.723345674
2006,10,2006-10-04 12:00:00,DECEPTIVE PRACTICE,FRAUD OR CONFIDENCE GAME,RESIDENCE,False,62,41.794490401,-87.720742662
2006,10,2006-10-04 15:00:00,CRIMINAL DAMAGE,CRIMINAL DEFACEMENT,SMALL RETAIL STORE,False,62,41.799701946999996,-87.7233483
2006,10,2006-10-04 00:01:00,BURGLARY,FORCIBLE ENTRY,RESTAURANT,False,62,41.799465892,-87.723339536
2006,10,2006-10-05 00:00:00,CRIMINAL DAMAGE,TO PROPERTY,RESIDENTIAL YARD (FRONT/BACK),False,62,41.792549212,-87.72313742200001
2006,10,2006-10-04 08:52:00,THEFT,OVER $500,CTA GARAGE / OTHER PROPERTY,False,62,41.799808989,-87.723350952
2006,10,2006-10-05 19:00:00,CRIMINAL DAMAGE,TO VEHICLE,STREET,False,62,41.790448115,-87.731657394
2006,10,2006-10-05 11:20:00,THEFT,FROM BUILDING,"SCHOOL, PUBLIC, BUILDING",False,62,41.791380199,-87.724699662
2006,10,2006-10-05 19:20:00,CRIMINAL DAMAGE,CRIMINAL DEFACEMENT,STREET,False,62,41.791366065,-87.72617760700001
2006,10,2006-10-04 15:00:00,THEFT,$500 AND UNDER,PARK PROPERTY,False,62,41.786922063,-87.732775729
2006,10,2006-10-06 23:00:00,CRIMINAL DAMAGE,TO VEHICLE,RESIDENCE,False,62,41.790624025999996,-87.71414957100001
2006,10,2006-10-06 17:30:00,THEFT,$500 AND UNDER,OTHER,False,62,41.796216156999996,-87.723245665
2006,10,2006-10-07 23:23:00,ROBBERY,ARMED:KNIFE/CUTTING INSTRUMENT,STREET,True,62,41.794421113,-87.723193011
2006,10,2006-10-07 05:00:00,CRIMINAL DAMAGE,TO PROPERTY,STREET,False,62,41.792419093,-87.714205637
2006,10,2006-10-08 00:20:00,BATTERY,DOMESTIC BATTERY SIMPLE,RESIDENCE,False,62,41.796213617,-87.71711396
2006,10,2006-10-07 22:00:00,CRIMINAL DAMAGE,TO VEHICLE,DRIVEWAY - RESIDENTIAL,False,62,41.786000811,-87.71892045799999
2006,10,2006-10-07 22:00:00,THEFT,FROM BUILDING,APARTMENT,False,62,41.793115777,-87.73327165100001
2006,10,2006-10-07 02:00:00,MOTOR VEHICLE THEFT,AUTOMOBILE,STREET,False,62,41.794571363,-87.72565228299999
2006,10,2006-10-07 15:00:00,MOTOR VEHICLE THEFT,AUTOMOBILE,STREET,False,62,41.798213405,-87.715943234
2006,10,2006-10-06 17:00:00,THEFT,FROM BUILDING,CONSTRUCTION SITE,False,62,41.802474720999996,-87.716349783
2006,10,2006-10-08 11:30:00,THEFT,RETAIL THEFT,SMALL RETAIL STORE,False,62,41.799701946999996,-87.7233483
2006,10,2006-10-09 00:15:00,THEFT,$500 AND UNDER,STREET,False,62,41.796474904,-87.714669025
2006,10,2006-10-08 17:00:00,THEFT,OVER $500,CTA GARAGE / OTHER PROPERTY,False,62,41.800464977,-87.723370404
2006,10,2006-10-08 23:50:00,CRIMINAL DAMAGE,CRIMINAL DEFACEMENT,OTHER,True,62,41.79018056,-87.723075546
2006,10,2006-10-09 00:25:00,CRIMINAL DAMAGE,TO PROPERTY,SIDEWALK,False,62,41.788535011,-87.735272478
2006,10,2006-10-09 21:51:16,CRIMINAL DAMAGE,TO PROPERTY,RESIDENCE,False,62,41.796048342,-87.719561627
2006,10,2006-10-10 00:44:00,MOTOR VEHICLE THEFT,ATT: AUTOMOBILE,VEHICLE NON-COMMERCIAL,False,62,41.801821067,-87.717276627
2006,10,2006-10-09 01:55:00,CRIMINAL DAMAGE,TO VEHICLE,STREET,False,62,41.788850646,-87.735280545
2006,10,2006-10-09 17:00:00,BURGLARY,UNLAWFUL ENTRY,RESIDENCE-GARAGE,False,62,41.785906603,-87.725976116
2006,10,2006-10-10 14:30:00,OTHER OFFENSE,HARASSMENT BY TELEPHONE,RESTAURANT,False,62,41.786488972,-87.722978554
2006,10,2006-10-09 00:00:00,CRIMINAL DAMAGE,CRIMINAL DEFACEMENT,MEDICAL/DENTAL OFFICE,False,62,41.79978978,-87.723351135
2006,10,2006-10-10 21:00:00,PUBLIC PEACE VIOLATION,RECKLESS CONDUCT,STREET,True,62,41.788496592,-87.735272835
2006,10,2006-10-10 14:00:00,BATTERY,AGGRAVATED:KNIFE/CUTTING INSTR,APARTMENT,False,62,41.793105894,-87.734533235
2006,10,2006-10-04 16:15:00,BATTERY,AGGRAVATED: OTHER DANG WEAPON,CTA PLATFORM,False,62,41.800464977,-87.723370404
2006,10,2006-10-11 08:30:00,ASSAULT,AGGRAVATED: OTHER DANG WEAPON,HOTEL/MOTEL,False,62,41.79639731,-87.723251281
2006,10,2006-10-11 01:30:00,BATTERY,DOMESTIC BATTERY SIMPLE,RESIDENCE,False,62,41.792418837,-87.714157967
2006,10,2006-10-04 00:00:00,DECEPTIVE PRACTICE,ILLEGAL USE CASH CARD,RESIDENCE,False,62,41.793146633,-87.729732585
2006,10,2006-10-11 19:30:00,THEFT,OVER $500,PARKING LOT/GARAGE(NON.RESID.),False,62,41.797330103,-87.726829118
2006,10,2006-10-12 17:25:00,ASSAULT,SIMPLE,SMALL RETAIL STORE,True,62,41.79798376,-87.72329858100001
2006,10,2006-10-13 17:30:00,BATTERY,SIMPLE,STREET,False,62,41.800464977,-87.723370404
2006,10,2006-10-12 09:35:00,THEFT,FROM BUILDING,"SCHOOL, PUBLIC, BUILDING",False,62,41.791380199,-87.724699662
2006,10,2006-10-13 19:30:00,THEFT,RETAIL THEFT,SMALL RETAIL STORE,False,62,41.799701946999996,-87.7233483
2006,10,2006-10-13 18:00:00,BURGLARY,FORCIBLE ENTRY,RESIDENCE-GARAGE,False,62,41.790512312,-87.721469931
2006,10,2006-10-13 20:45:00,CRIMINAL DAMAGE,TO VEHICLE,STREET,False,62,41.793113026,-87.733796076
2006,10,2006-10-15 00:00:00,MOTOR VEHICLE THEFT,AUTOMOBILE,STREET,False,62,41.798328117,-87.71839930600001
2006,10,2006-10-12 04:30:00,MOTOR VEHICLE THEFT,AUTOMOBILE,STREET,False,62,41.798269415,-87.717174949
2006,10,2006-10-14 10:45:00,THEFT,FROM BUILDING,RESIDENCE,False,62,41.796272339,-87.718341945
2006,10,2006-10-15 11:30:00,MOTOR VEHICLE THEFT,AUTOMOBILE,STREET,False,62,41.79798376,-87.72329858100001
2006,10,2006-10-15 23:45:00,THEFT,$500 AND UNDER,STREET,False,62,41.798062457,-87.715941016
2006,10,2006-10-15 01:00:00,CRIMINAL DAMAGE,TO PROPERTY,RESIDENCE,False,62,41.790474263,-87.724121515
2006,10,2006-10-15 22:00:00,THEFT,$500 AND UNDER,STREET,False,62,41.78897966,-87.735286679
2006,10,2006-10-15 11:30:00,THEFT,OVER $500,STREET,False,62,41.793091596,-87.736003885
2006,10,2006-10-15 19:35:00,WEAPONS VIOLATION,UNLAWFUL POSS OF HANDGUN,GAS STATION,True,62,41.792661286,-87.732949519
2006,10,2006-10-16 14:00:00,DECEPTIVE PRACTICE,CREDIT CARD FRAUD,STREET,False,62,41.789463328000004,-87.715704512
2006,10,2006-10-16 20:40:00,ASSAULT,AGGRAVATED: HANDGUN,SIDEWALK,False,62,41.792345559,-87.72925971299999
2006,10,2006-10-16 03:00:00,BATTERY,DOMESTIC BATTERY SIMPLE,RESIDENCE,True,62,41.796291548,-87.718341761
2006,10,2006-10-16 06:30:00,BURGLARY,FORCIBLE ENTRY,RESIDENCE,False,62,41.787745368,-87.723920009
2006,10,2006-10-14 12:00:00,MOTOR VEHICLE THEFT,"TRUCK, BUS, MOTOR HOME",OTHER,False,62,41.797330103,-87.726829118
2006,10,2006-10-15 17:30:00,THEFT,$500 AND UNDER,STREET,False,62,41.790879890999996,-87.729218469
2006,10,2006-10-10 11:00:00,BATTERY,SIMPLE,"SCHOOL, PUBLIC, BUILDING",False,62,41.791380199,-87.724699662
2006,10,2006-10-18 18:00:00,CRIMINAL DAMAGE,TO VEHICLE,STREET,False,62,41.785997185,-87.71926883100001
2006,10,2006-10-19 03:50:00,BATTERY,DOMESTIC BATTERY SIMPLE,SIDEWALK,False,62,41.800464977,-87.723370404
2006,10,2006-10-19 18:35:00,OTHER OFFENSE,TELEPHONE THREAT,RESIDENCE,False,62,41.789605374000004,-87.721221871
2006,10,2006-10-17 10:00:00,OTHER OFFENSE,OTHER VEHICLE OFFENSE,STREET,False,62,41.787134310999996,-87.73033533600001
2006,10,2006-10-19 10:05:00,BATTERY,SIMPLE,"SCHOOL, PUBLIC, BUILDING",True,62,41.791380199,-87.724699662
2006,10,2006-10-19 23:00:00,OTHER OFFENSE,HARASSMENT BY TELEPHONE,RESIDENCE,False,62,41.793328948,-87.714992649
2006,10,2006-10-19 15:30:00,BATTERY,SIMPLE,RESIDENCE,True,62,41.788652319,-87.72417176799999
2006,10,2006-10-20 15:10:00,BATTERY,SIMPLE,SIDEWALK,False,62,41.792696908,-87.72927475
2006,10,2006-10-19 19:00:00,MOTOR VEHICLE THEFT,"THEFT/RECOVERY: TRUCK,BUS,MHOME",ALLEY,False,62,41.791451578,-87.719546809
2006,10,2006-10-19 13:19:00,INTERFERENCE WITH PUBLIC OFFICER,RESIST/OBSTRUCT/DISARM OFFICER,STREET,True,62,41.793083609,-87.71580910899999
2006,10,2006-10-20 23:00:00,CRIMINAL DAMAGE,TO VEHICLE,VEHICLE NON-COMMERCIAL,False,62,41.795923801,-87.731815217
2006,10,2006-10-20 22:00:00,CRIMINAL DAMAGE,TO VEHICLE,STREET,False,62,41.792165370999996,-87.73048254
2006,10,2006-10-19 08:50:00,BURGLARY,UNLAWFUL ENTRY,RESIDENCE-GARAGE,False,62,41.792283421,-87.734163181
2006,10,2006-10-21 05:00:00,BATTERY,SIMPLE,APARTMENT,False,62,41.793076727,-87.737368193
2006,10,2006-10-18 02:00:00,THEFT,OVER $500,PARKING LOT/GARAGE(NON.RESID.),False,62,41.791259885,-87.737344685
2006,10,2006-10-22 14:00:00,THEFT,FROM BUILDING,SMALL RETAIL STORE,False,62,41.79798376,-87.72329858100001
2006,10,2006-10-22 04:30:00,ASSAULT,AGG PO HANDS NO/MIN INJURY,RESIDENCE,True,62,41.790615261999996,-87.71456035700001
2006,10,2006-10-22 08:30:00,THEFT,OVER $500,PARKING LOT/GARAGE(NON.RESID.),False,62,41.799808989,-87.723350952
2006,10,2006-10-15 10:00:00,CRIMINAL DAMAGE,TO PROPERTY,CTA PLATFORM,False,62,41.800464977,-87.723370404
2006,10,2006-10-25 13:00:00,THEFT,FROM BUILDING,CONVENIENCE STORE,False,62,41.799701946999996,-87.7233483
2006,10,2006-10-24 12:50:00,ASSAULT,AGGRAVATED: OTHER DANG WEAPON,STREET,True,62,41.796775671,-87.73360791299999
2006,10,2006-10-22 03:00:00,CRIMINAL DAMAGE,TO VEHICLE,VEHICLE NON-COMMERCIAL,False,62,41.792178147,-87.72925761799999
2006,10,2006-10-23 13:50:00,BATTERY,SIMPLE,SMALL RETAIL STORE,False,62,41.79798376,-87.72329858100001
2006,10,2006-10-25 10:00:00,BURGLARY,FORCIBLE ENTRY,RESIDENCE,False,62,41.793231746,-87.72144040100001
2006,10,2006-10-23 13:00:00,OFFENSE INVOLVING CHILDREN,CRIM SEX ABUSE BY FAM MEMBER,APARTMENT,False,62,41.788800273,-87.714372466
2006,10,2006-10-26 22:00:00,BURGLARY,FORCIBLE ENTRY,RESIDENCE-GARAGE,False,62,41.786815909,-87.73399408700001
2006,10,2006-10-27 09:00:00,OTHER OFFENSE,TELEPHONE THREAT,RESIDENCE,False,62,41.788770156999995,-87.73038234299999
2006,10,2006-10-27 17:15:00,BURGLARY,UNLAWFUL ENTRY,RESIDENCE,False,62,41.794435035,-87.71706132
2006,10,2006-10-29 19:36:32,ASSAULT,AGGRAVATED: OTHER DANG WEAPON,SIDEWALK,False,62,41.793158667,-87.728368301
2006,10,2006-10-29 19:52:00,ASSAULT,AGGRAVATED: HANDGUN,PARKING LOT/GARAGE(NON.RESID.),False,62,41.793305269,-87.71620303200001
2006,10,2006-10-12 10:00:00,CRIMINAL DAMAGE,CRIMINAL DEFACEMENT,RESIDENCE-GARAGE,False,62,41.791120495,-87.728006096
2006,10,2006-10-25 13:35:00,ASSAULT,SIMPLE,RESTAURANT,True,62,41.797201502,-87.723272993
2006,10,2006-10-26 16:00:00,THEFT,$500 AND UNDER,STREET,False,62,41.799808989,-87.723350952
2006,10,2006-10-24 09:20:00,BATTERY,SIMPLE,"SCHOOL, PUBLIC, BUILDING",True,62,41.791380199,-87.724699662
2006,10,2006-10-30 18:00:00,THEFT,$500 AND UNDER,STREET,False,62,41.799808989,-87.723350952
2006,10,2006-10-30 21:00:00,THEFT,OVER $500,STREET,False,62,41.789544237,-87.72624980200001
2006,10,2006-10-24 09:30:00,OTHER OFFENSE,TELEPHONE THREAT,RESIDENCE,False,62,41.790441709,-87.73410699200001
2006,10,2006-10-22 02:00:00,CRIMINAL DAMAGE,CRIMINAL DEFACEMENT,RESTAURANT,False,62,41.79445955,-87.72319631399999
2006,10,2006-10-29 18:50:00,BATTERY,AGGRAVATED: OTHER DANG WEAPON,STREET,False,62,41.789047374,-87.730390746
2006,10,2006-10-30 19:00:00,BURGLARY,FORCIBLE ENTRY,RESIDENCE,False,62,41.786928439,-87.733996705
2006,10,2006-10-29 10:00:00,BURGLARY,UNLAWFUL ENTRY,RESIDENCE-GARAGE,False,62,41.797766531,-87.719611246
2006,10,2006-10-24 21:30:00,BATTERY,SIMPLE,"SCHOOL, PUBLIC, BUILDING",False,62,41.786976965,-87.732778884
2006,10,2006-10-31 12:30:00,THEFT,$500 AND UNDER,STREET,False,62,41.792555118,-87.730493556
2006,10,2006-10-31 11:00:00,THEFT,OVER $500,STREET,False,62,41.792302631,-87.734163002
2006,10,2006-10-24 12:25:00,THEFT,ATTEMPT THEFT,SIDEWALK,True,62,41.794061571,-87.72318542
2006,10,2006-10-25 14:32:11,THEFT,RETAIL THEFT,SMALL RETAIL STORE,True,62,41.799556469,-87.723342345
2006,10,2006-10-31 07:45:00,BURGLARY,UNLAWFUL ENTRY,RESIDENCE-GARAGE,False,62,41.797922073,-87.72201924299999
2006,10,2006-10-25 14:50:00,PUBLIC PEACE VIOLATION,MOB ACTION,STREET,True,62,41.787127876999996,-87.72911069
2006,10,2006-10-27 13:30:00,DECEPTIVE PRACTICE,COUNTERFEITING DOCUMENT,GROCERY FOOD STORE,False,62,41.786552107,-87.722981621
2006,10,2006-10-24 07:00:00,CRIMINAL DAMAGE,TO VEHICLE,STREET,False,62,41.792520095,-87.724373508
2006,10,2006-10-23 20:30:00,THEFT,$500 AND UNDER,STREET,False,62,41.788980572,-87.737574811
2006,10,2006-10-26 22:00:00,CRIMINAL DAMAGE,CRIMINAL DEFACEMENT,RESIDENCE-GARAGE,False,62,41.788557845,-87.736496999
2006,10,2006-10-27 16:20:00,CRIMINAL DAMAGE,TO PROPERTY,CTA GARAGE / OTHER PROPERTY,False,62,41.799808989,-87.723350952
2006,10,2006-10-27 17:16:00,CRIMINAL DAMAGE,TO CITY OF CHICAGO PROPERTY,SIDEWALK,False,62,41.790619644,-87.714354964
2006,10,2006-10-14 03:00:00,ASSAULT,SIMPLE,APARTMENT,False,62,41.793326737,-87.715091683
2006,10,2006-10-29 02:15:00,BATTERY,SIMPLE,RESIDENCE,False,62,41.788980572,-87.737574811
2006,10,2006-10-28 17:30:00,CRIMINAL DAMAGE,TO VEHICLE,CTA GARAGE / OTHER PROPERTY,False,62,41.799592161999996,-87.723345674
2006,10,2006-10-19 15:00:00,THEFT,FINANCIAL ID THEFT: OVER $300,STREET,False,62,41.790455064,-87.726197204
2006,10,2006-10-28 22:50:00,BATTERY,DOMESTIC BATTERY SIMPLE,RESIDENCE,False,62,41.792442458000004,-87.726816523
2006,10,2006-10-29 21:30:00,CRIMINAL DAMAGE,TO PROPERTY,RESIDENCE,False,62,41.794529875,-87.7219708
2006,10,2006-10-29 12:30:00,CRIMINAL DAMAGE,TO VEHICLE,STREET,False,62,41.791339173000004,-87.728884125
2006,10,2006-10-29 01:00:00,CRIMINAL DAMAGE,TO PROPERTY,RESIDENCE,False,62,41.799688969,-87.71476280600001
2006,10,2006-10-30 23:00:00,ASSAULT,SIMPLE,RESIDENCE,False,62,41.788770156999995,-87.73038234299999
2006,10,2006-10-30 23:00:00,BATTERY,SIMPLE,HOTEL/MOTEL,True,62,41.79639731,-87.723251281
2006,10,2006-10-31 11:26:00,BATTERY,DOMESTIC BATTERY SIMPLE,RESIDENCE,False,62,41.790837863,-87.73166841700001
2006,10,2006-10-30 17:31:00,CRIMINAL TRESPASS,TO LAND,PARKING LOT/GARAGE(NON.RESID.),True,62,41.794042342,-87.723181935
2006,10,2006-10-30 12:00:00,CRIMINAL DAMAGE,TO PROPERTY,RESIDENCE,False,62,41.792476444,-87.735393525
2006,10,2006-10-30 17:45:00,CRIMINAL DAMAGE,TO PROPERTY,RESIDENCE,False,62,41.788564306,-87.73037693799999
2006,10,2006-10-25 13:00:00,INTIMIDATION,COMPELLING ORG MEMBERSHIP,"SCHOOL, PUBLIC, BUILDING",False,62,41.791380199,-87.724699662
2006,10,2006-10-22 13:00:00,OTHER OFFENSE,TELEPHONE THREAT,RESIDENCE,False,62,41.790348374000004,-87.730429892
2006,10,2006-10-30 17:08:00,ROBBERY,STRONGARM - NO WEAPON,SIDEWALK,False,62,41.793153156,-87.72888541799999
2006,10,2006-10-20 08:30:00,THEFT,FROM BUILDING,"SCHOOL, PUBLIC, BUILDING",False,62,41.791380199,-87.724699662
2006,10,2006-10-16 20:45:00,MOTOR VEHICLE THEFT,AUTOMOBILE,PARKING LOT/GARAGE(NON.RESID.),False,62,41.793130613,-87.73138661
2006,10,2006-10-03 13:20:00,NARCOTICS,FORFEIT PROPERTY,STREET,True,62,41.789323494,-87.725503835
2006,10,2006-10-21 14:01:00,THEFT,$500 AND UNDER,RESIDENCE,False,62,41.788670374,-87.73649962200001
2006,10,2006-10-14 17:50:00,NARCOTICS,POSS: CANNABIS MORE THAN 30GMS,BARBERSHOP,True,62,41.796325943,-87.723248291
2006,10,2006-10-13 23:54:00,NARCOTICS,POSS: CANNABIS 30GMS OR LESS,SIDEWALK,True,62,41.802052703,-87.71442098799999
2006,10,2006-10-19 09:00:00,THEFT,FINANCIAL ID THEFT: OVER $300,RESIDENCE,False,62,41.791021686,-87.728003359
2006,10,2006-10-26 10:50:00,NARCOTICS,POSS: CRACK,CTA TRAIN,True,62,41.785519673,-87.738567526
2006,11,2006-11-26 00:01:00,THEFT,FINANCIAL ID THEFT: OVER $300,RESIDENCE,False,62,,
2006,11,2006-11-01 00:01:00,THEFT,FINANCIAL ID THEFT:$300 &UNDER,APARTMENT,False,62,,
2006,11,2006-11-01 21:30:00,THEFT,OVER $500,STREET,False,62,41.799323177,-87.72333722200001
2006,11,2006-11-02 14:00:00,THEFT,$500 AND UNDER,STREET,False,62,41.794997617,-87.728420685
2006,11,2006-11-02 13:00:00,BURGLARY,FORCIBLE ENTRY,RESIDENCE,False,62,41.795154726,-87.716166954
2006,11,2006-11-03 00:00:00,CRIMINAL DAMAGE,CRIMINAL DEFACEMENT,RESIDENCE,False,62,41.786864541,-87.721871294
2006,11,2006-11-04 14:00:00,ROBBERY,STRONGARM - NO WEAPON,RESIDENTIAL YARD (FRONT/BACK),False,62,41.801214513000005,-87.71726409899999
2006,11,2006-11-04 21:00:00,CRIMINAL DAMAGE,CRIMINAL DEFACEMENT,RESIDENCE-GARAGE,False,62,41.785957604000004,-87.721623241
2006,11,2006-11-05 18:00:00,THEFT,$500 AND UNDER,PARKING LOT/GARAGE(NON.RESID.),False,62,41.785519673,-87.738567526
2006,11,2006-11-06 00:00:00,OTHER OFFENSE,HARASSMENT BY TELEPHONE,RESIDENCE,False,62,41.786773778000004,-87.73644387799999
2006,11,2006-11-05 10:00:00,BURGLARY,FORCIBLE ENTRY,RESIDENCE-GARAGE,False,62,41.798137675999996,-87.717172544
2006,11,2006-11-07 00:00:00,CRIMINAL DAMAGE,CRIMINAL DEFACEMENT,CTA GARAGE / OTHER PROPERTY,False,62,41.800464977,-87.723370404
2006,11,2006-11-06 12:00:00,THEFT,$500 AND UNDER,PARKING LOT/GARAGE(NON.RESID.),False,62,41.793144082,-87.72976928
2006,11,2006-11-02 01:45:00,THEFT,OVER $500,PARKING LOT/GARAGE(NON.RESID.),True,62,41.793115080999996,-87.73366404
2006,11,2006-11-02 22:10:00,CRIMINAL DAMAGE,CRIMINAL DEFACEMENT,STREET,False,62,41.79116865,-87.723102845
2006,11,2006-11-02 15:20:00,ASSAULT,AGGRAVATED:KNIFE/CUTTING INSTR,STREET,False,62,41.791390363000005,-87.723511449
2006,11,2006-11-03 20:00:00,THEFT,$500 AND UNDER,STREET,False,62,41.793271280999996,-87.71856499200001
2006,11,2006-11-08 18:00:00,ROBBERY,AGGRAVATED VEHICULAR HIJACKING,STREET,False,62,41.799876712,-87.71599328399999
2006,11,2006-11-08 17:00:00,ASSAULT,AGGRAVATED:KNIFE/CUTTING INSTR,HOTEL/MOTEL,True,62,41.79639731,-87.723251281
2006,11,2006-11-05 12:20:00,THEFT,RETAIL THEFT,SMALL RETAIL STORE,False,62,41.799323177,-87.72333722200001
2006,11,2006-11-07 19:00:00,CRIMINAL DAMAGE,CRIMINAL DEFACEMENT,COMMERCIAL / BUSINESS OFFICE,False,62,41.793195626,-87.72393806
2006,11,2006-11-09 17:00:00,THEFT,OVER $500,STREET,False,62,41.79995683,-87.71967836799999
2006,11,2006-11-07 22:00:00,OTHER OFFENSE,HARASSMENT BY TELEPHONE,RESIDENCE,False,62,41.793344009,-87.714222406
2006,11,2006-11-06 20:09:00,ASSAULT,SIMPLE,STREET,False,62,41.796014753,-87.72201169799999
2006,11,2006-11-09 14:40:00,BURGLARY,FORCIBLE ENTRY,RESIDENCE,False,62,41.794303779,-87.72074077200001
2006,11,2006-11-09 22:50:00,BURGLARY,FORCIBLE ENTRY,RESIDENCE-GARAGE,False,62,41.787744979,-87.72384667700001
2006,11,2006-11-05 05:30:00,CRIMINAL DAMAGE,TO PROPERTY,PARKING LOT/GARAGE(NON.RESID.),False,62,41.797899338,-87.720842225
2006,11,2006-11-05 13:30:00,CRIMINAL DAMAGE,TO VEHICLE,STREET,False,62,41.789388008,-87.72060056299999
2006,11,2006-11-06 00:06:00,CRIMINAL DAMAGE,TO PROPERTY,APARTMENT,False,62,41.796775173,-87.733512567
2006,11,2006-11-12 11:00:00,BATTERY,DOMESTIC BATTERY SIMPLE,RESIDENCE,False,62,41.790331923000004,-87.73410434799999
2006,11,2006-11-12 08:00:00,CRIMINAL DAMAGE,TO VEHICLE,STREET,False,62,41.790821392,-87.735346568
2006,11,2006-11-13 05:00:00,CRIMINAL DAMAGE,TO PROPERTY,STREET,False,62,41.800464977,-87.723370404
2006,11,2006-11-12 17:30:00,THEFT,FROM BUILDING,TAVERN/LIQUOR STORE,False,62,41.79639731,-87.723251281
2006,11,2006-11-13 22:00:00,OTHER OFFENSE,TELEPHONE THREAT,RESIDENCE,False,62,41.796942973,-87.719046998
2006,11,2006-11-13 17:40:00,BURGLARY,FORCIBLE ENTRY,RESIDENCE,False,62,41.794415826,-87.717061504
2006,11,2006-11-08 15:30:00,BATTERY,SIMPLE,STREET,True,62,41.791143237,-87.72555631700001
2006,11,2006-11-08 14:55:17,THEFT,RETAIL THEFT,SMALL RETAIL STORE,False,62,41.785965905,-87.721120822
2006,11,2006-11-14 13:30:00,ROBBERY,STRONGARM - NO WEAPON,STREET,False,62,41.786423093,-87.722975512
2006,11,2006-11-06 13:00:00,THEFT,FINANCIAL ID THEFT: OVER $300,RESIDENCE,False,62,41.787848133000004,-87.71694840200001
2006,11,2006-11-15 19:00:00,CRIMINAL DAMAGE,TO PROPERTY,RESIDENCE,False,62,41.794161719,-87.73544753799999
2006,11,2006-11-16 09:00:00,THEFT,$500 AND UNDER,PARKING LOT/GARAGE(NON.RESID.),False,62,41.792974653,-87.72315172299999
2006,11,2006-11-09 18:00:00,THEFT,OVER $500,STREET,False,62,41.793198136,-87.723894031
2006,11,2006-11-07 21:55:00,PUBLIC PEACE VIOLATION,RECKLESS CONDUCT,STREET,True,62,41.78970452,-87.71462778600001
2006,11,2006-11-07 14:30:00,PUBLIC PEACE VIOLATION,MOB ACTION,"SCHOOL, PUBLIC, GROUNDS",True,62,41.791380199,-87.724699662
2006,11,2006-11-16 18:52:00,ROBBERY,ATTEMPT: ARMED-OTHER DANG WEAP,SIDEWALK,False,62,41.786722589,-87.733991289
2006,11,2006-11-11 13:40:00,BATTERY,DOMESTIC BATTERY SIMPLE,RESIDENTIAL YARD (FRONT/BACK),False,62,41.789674221999995,-87.716648555
2006,11,2006-11-11 16:30:00,BATTERY,SIMPLE,SMALL RETAIL STORE,False,62,41.799323177,-87.72333722200001
2006,11,2006-11-11 14:00:00,THEFT,PURSE-SNATCHING,ALLEY,False,62,41.788863492,-87.73405935299999
2006,11,2006-11-09 19:00:00,CRIMINAL DAMAGE,CRIMINAL DEFACEMENT,RESIDENCE-GARAGE,False,62,41.794603986999995,-87.721973763
2006,11,2006-11-09 00:05:00,BATTERY,DOMESTIC BATTERY SIMPLE,RESIDENCE,False,62,41.787856413,-87.71644596799999
2006,11,2006-11-16 18:00:00,CRIMINAL DAMAGE,TO VEHICLE,STREET,False,62,41.794479156,-87.73054887100001
2006,11,2006-11-12 09:11:00,THEFT,RETAIL THEFT,GROCERY FOOD STORE,True,62,41.796216156999996,-87.723245665
2006,11,2006-11-11 18:30:00,SEX OFFENSE,PUBLIC INDECENCY,ALLEY,True,62,41.791487741,-87.717074884
2006,11,2006-11-11 13:00:00,CRIMINAL DAMAGE,TO VEHICLE,PARKING LOT/GARAGE(NON.RESID.),False,62,41.796216156999996,-87.723245665
2006,11,2006-11-16 20:30:00,ROBBERY,ARMED: OTHER DANGEROUS WEAPON,STREET,False,62,41.787613356,-87.73693844299999
2006,11,2006-11-18 02:40:00,CRIMINAL DAMAGE,CRIMINAL DEFACEMENT,COMMERCIAL / BUSINESS OFFICE,True,62,41.79187129,-87.72312185
2006,11,2006-11-18 02:42:00,CRIMINAL DAMAGE,CRIMINAL DEFACEMENT,MEDICAL/DENTAL OFFICE,True,62,41.791028679,-87.723100505
2006,11,2006-11-18 02:44:00,CRIMINAL DAMAGE,CRIMINAL DEFACEMENT,RESTAURANT,True,62,41.790820084,-87.72309515
2006,11,2006-11-18 02:43:00,CRIMINAL DAMAGE,CRIMINAL DEFACEMENT,COMMERCIAL / BUSINESS OFFICE,True,62,41.790924382,-87.723097827
2006,11,2006-11-18 03:00:00,CRIMINAL DAMAGE,CRIMINAL DEFACEMENT,COMMERCIAL / BUSINESS OFFICE,True,62,41.790232719,-87.723078719
2006,11,2006-11-18 03:02:00,CRIMINAL DAMAGE,CRIMINAL DEFACEMENT,OTHER,True,62,41.789348946,-87.723057765
2006,11,2006-11-18 03:04:00,CRIMINAL DAMAGE,CRIMINAL DEFACEMENT,OTHER,True,62,41.789208974,-87.723055426
2006,11,2006-11-18 03:05:00,CRIMINAL DAMAGE,CRIMINAL DEFACEMENT,COMMERCIAL / BUSINESS OFFICE,True,62,41.789140351,-87.72305241
2006,11,2006-11-18 03:06:00,CRIMINAL DAMAGE,CRIMINAL DEFACEMENT,COMMERCIAL / BUSINESS OFFICE,True,62,41.789068984000004,-87.72304942
2006,11,2006-11-18 03:07:00,CRIMINAL DAMAGE,CRIMINAL DEFACEMENT,COMMERCIAL / BUSINESS OFFICE,True,62,41.78900038,-87.723050071
2006,11,2006-11-18 03:07:00,CRIMINAL DAMAGE,CRIMINAL DEFACEMENT,COMMERCIAL / BUSINESS OFFICE,True,62,41.78834984,-87.723023239
2006,11,2006-11-18 03:08:00,CRIMINAL DAMAGE,CRIMINAL DEFACEMENT,OTHER,True,62,41.788308658000005,-87.723019963
2006,11,2006-11-18 03:09:00,CRIMINAL DAMAGE,CRIMINAL DEFACEMENT,GOVERNMENT BUILDING/PROPERTY,True,62,41.788245543,-87.723020561
2006,11,2006-11-18 02:50:00,CRIMINAL DAMAGE,CRIMINAL DEFACEMENT,GOVERNMENT BUILDING/PROPERTY,True,62,41.79026016,-87.72307845799999
2006,11,2006-11-18 23:00:00,BURGLARY,FORCIBLE ENTRY,RESIDENCE-GARAGE,False,62,41.792418955,-87.714179968
2006,11,2006-11-19 10:00:00,CRIMINAL DAMAGE,TO VEHICLE,STREET,False,62,41.793287145,-87.71742802799999
2006,11,2006-11-19 03:00:00,MOTOR VEHICLE THEFT,AUTOMOBILE,PARKING LOT/GARAGE(NON.RESID.),False,62,41.796087163,-87.723243221
2006,11,2006-11-20 00:00:00,THEFT,OVER $500,STREET,False,62,41.798049237,-87.71961955100001
2006,11,2006-11-20 00:00:00,MOTOR VEHICLE THEFT,AUTOMOBILE,STREET,False,62,41.790748717,-87.72309215899999
2006,11,2006-11-13 23:41:00,DECEPTIVE PRACTICE,THEFT OF LABOR/SERVICES,RESTAURANT,True,62,41.79826919,-87.723303209
2006,11,2006-11-21 02:20:07,BURGLARY,FORCIBLE ENTRY,RESTAURANT,False,62,41.793196131,-87.7240334
2006,11,2006-11-20 23:00:00,CRIMINAL DAMAGE,TO VEHICLE,STREET,False,62,41.785919291999996,-87.72474398
2006,11,2006-11-21 04:00:00,CRIMINAL DAMAGE,TO VEHICLE,STREET,False,62,41.796219315,-87.730602244
2006,11,2006-11-13 10:00:00,THEFT,FROM BUILDING,RESIDENCE,False,62,41.795683196,-87.733035001
2006,11,2006-11-21 09:30:00,THEFT,OVER $500,OTHER,False,62,41.800464977,-87.723370404
2006,11,2006-11-21 08:00:00,CRIMINAL DAMAGE,TO VEHICLE,STREET,False,62,41.796458347,-87.720797268
2006,11,2006-11-21 18:30:00,BURGLARY,FORCIBLE ENTRY,RESIDENCE,False,62,41.794491457,-87.721971165
2006,11,2006-11-14 19:03:00,OTHER OFFENSE,TELEPHONE THREAT,RESIDENCE,False,62,41.78970452,-87.71462778600001
2006,11,2006-11-21 16:30:00,BATTERY,DOMESTIC BATTERY SIMPLE,APARTMENT,False,62,41.790554239,-87.73410961100001
2006,11,2006-11-14 16:45:00,BATTERY,SIMPLE,CTA GARAGE / OTHER PROPERTY,False,62,41.800464977,-87.723370404
2006,11,2006-11-17 16:35:00,BATTERY,DOMESTIC BATTERY SIMPLE,RESIDENCE,True,62,41.798271551999996,-87.719624765
2006,11,2006-11-21 12:00:00,BURGLARY,FORCIBLE ENTRY,RESIDENCE-GARAGE,False,62,41.789541881,-87.72632316299999
2006,11,2006-11-23 00:00:00,THEFT,$500 AND UNDER,STREET,False,62,41.794414738,-87.71583667
2006,11,2006-11-16 18:15:00,WEAPONS VIOLATION,UNLAWFUL POSS OF HANDGUN,STREET,True,62,41.79116865,-87.723102845
2006,11,2006-11-23 15:40:00,ROBBERY,ARMED:KNIFE/CUTTING INSTRUMENT,SIDEWALK,False,62,41.79826919,-87.723303209
2006,11,2006-11-19 20:19:00,ASSAULT,SIMPLE,STREET,False,62,41.788804161,-87.71407541100001
2006,11,2006-11-17 08:45:00,BATTERY,SIMPLE,"SCHOOL, PUBLIC, BUILDING",False,62,41.791380199,-87.724699662
2006,11,2006-11-15 23:00:00,CRIMINAL DAMAGE,TO PROPERTY,DRIVEWAY - RESIDENTIAL,False,62,41.788812228000005,-87.73528090200001
2006,11,2006-11-23 01:00:00,BATTERY,SIMPLE,STREET,True,62,41.796335501,-87.731826037
2006,11,2006-11-20 12:40:00,BATTERY,DOMESTIC BATTERY SIMPLE,RESIDENCE,False,62,41.795986927,-87.73549658600001
2006,11,2006-11-18 06:40:02,THEFT,$500 AND UNDER,STREET,False,62,41.800578320999996,-87.72146220299999
2006,11,2006-11-20 07:00:00,CRIMINAL DAMAGE,TO PROPERTY,RESIDENCE,False,62,41.787150773,-87.734005635
2006,11,2006-11-25 13:25:00,ASSAULT,AGGRAVATED: OTHER DANG WEAPON,STREET,False,62,41.787604586,-87.71810211299999
2006,11,2006-11-21 08:30:00,CRIMINAL TRESPASS,TO STATE SUP LAND,"SCHOOL, PUBLIC, GROUNDS",False,62,41.791380199,-87.724699662
2006,11,2006-11-15 15:00:00,OTHER OFFENSE,OTHER VEHICLE OFFENSE,PARKING LOT/GARAGE(NON.RESID.),False,62,41.797331027,-87.726484377
2006,11,2006-11-20 19:00:00,CRIMINAL DAMAGE,TO PROPERTY,BARBERSHOP,False,62,41.785927745,-87.72375022
2006,11,2006-11-25 14:30:00,CRIMINAL DAMAGE,TO PROPERTY,RESIDENCE,False,62,41.792414573,-87.714385367
2006,11,2006-11-20 01:10:00,WEAPONS VIOLATION,UNLAWFUL POSS OF HANDGUN,VEHICLE NON-COMMERCIAL,True,62,41.801988479,-87.717278691
2006,11,2006-11-25 16:00:00,THEFT,FROM BUILDING,RESIDENCE,False,62,41.80067534,-87.71447091799999
2006,11,2006-11-25 17:00:00,CRIMINAL DAMAGE,CRIMINAL DEFACEMENT,RESIDENCE-GARAGE,False,62,41.78863505,-87.726093371
2006,11,2006-11-27 09:30:21,BURGLARY,FORCIBLE ENTRY,CONSTRUCTION SITE,False,62,41.801894012,-87.716039938
2006,11,2006-11-28 03:48:03,BURGLARY,FORCIBLE ENTRY,BARBERSHOP,False,62,41.79332648,-87.715044013
2006,11,2006-11-25 21:00:55,CRIMINAL TRESPASS,TO STATE SUP LAND,"SCHOOL, PUBLIC, GROUNDS",True,62,41.788725421,-87.71934546799999
2006,11,2006-11-28 23:00:00,MOTOR VEHICLE THEFT,AUTOMOBILE,STREET,False,62,41.796985426999996,-87.716215402
2006,11,2006-11-27 22:30:00,MOTOR VEHICLE THEFT,"TRUCK, BUS, MOTOR HOME",STREET,False,62,41.792289803,-87.735387926
2006,11,2006-11-24 15:00:00,CRIMINAL DAMAGE,TO VEHICLE,PARKING LOT/GARAGE(NON.RESID.),False,62,41.797360566,-87.723770247
2006,11,2006-11-28 16:00:00,MOTOR VEHICLE THEFT,AUTOMOBILE,CTA GARAGE / OTHER PROPERTY,False,62,41.800464977,-87.723370404
2006,11,2006-11-30 16:30:00,MOTOR VEHICLE THEFT,AUTOMOBILE,RESIDENCE-GARAGE,True,62,41.786983340999996,-87.733999861
2006,11,2006-11-25 03:15:00,ASSAULT,SIMPLE,RESIDENCE,False,62,41.790460918,-87.734106813
2006,11,2006-11-25 21:27:00,ASSAULT,SIMPLE,RESIDENCE,False,62,41.798306726,-87.71594600600001
2006,11,2006-11-17 18:20:00,BURGLARY,FORCIBLE ENTRY,GAS STATION,False,62,41.792903285,-87.72314873299999
2006,11,2006-11-26 22:00:00,CRIMINAL DAMAGE,TO VEHICLE,STREET,False,62,41.787163525,-87.73645493
2006,11,2006-11-30 19:00:00,CRIMINAL DAMAGE,TO VEHICLE,STREET,False,62,41.79639731,-87.723251281
2006,11,2006-11-28 10:00:00,DECEPTIVE PRACTICE,FORGERY,HOTEL/MOTEL,False,62,41.79639731,-87.723251281
2006,11,2006-11-29 18:00:00,BATTERY,SIMPLE,SIDEWALK,False,62,41.791380199,-87.724699662
2006,11,2006-11-28 05:00:00,CRIMINAL DAMAGE,CRIMINAL DEFACEMENT,RESIDENCE,False,62,41.790689659,-87.731666136
2006,11,2006-11-29 17:25:37,BATTERY,SIMPLE,GROCERY FOOD STORE,True,62,41.796216156999996,-87.723245665
2006,11,2006-11-09 00:00:00,THEFT,FINANCIAL ID THEFT:$300 &UNDER,RESIDENCE,False,62,41.786987415,-87.714070894
2006,11,2006-11-01 00:00:00,DECEPTIVE PRACTICE,COUNTERFEITING DOCUMENT,RESTAURANT,False,62,41.79826919,-87.723303209
2006,11,2006-11-30 23:25:00,ASSAULT,SIMPLE,CTA PLATFORM,True,62,41.799808989,-87.723350952
2006,11,2006-11-12 06:14:00,CRIMINAL DAMAGE,CRIMINAL DEFACEMENT,CTA PLATFORM,False,62,41.799808989,-87.723350952
2006,11,2006-11-12 21:02:00,CRIMINAL DAMAGE,CRIMINAL DEFACEMENT,CTA PLATFORM,False,62,41.799808989,-87.723350952
2006,11,2006-11-30 13:30:00,OTHER OFFENSE,OTHER CRIME AGAINST PERSON,"SCHOOL, PUBLIC, BUILDING",False,62,41.791380199,-87.724699662
2006,11,2006-11-10 09:00:00,DECEPTIVE PRACTICE,COUNTERFEITING DOCUMENT,BANK,False,62,41.797841025,-87.7232926
2006,11,2006-11-23 16:00:00,OTHER OFFENSE,HARASSMENT BY TELEPHONE,RESIDENCE,False,62,41.800580401,-87.72133748600001
2006,11,2006-11-27 00:01:00,THEFT,$500 AND UNDER,RESIDENCE,False,62,41.793146633,-87.729732585
2006,11,2006-11-09 19:53:00,NARCOTICS,FOUND SUSPECT NARCOTICS,APARTMENT,True,62,41.791455596,-87.719271743
2006,11,2006-11-15 11:25:00,NARCOTICS,POSS: CANNABIS 30GMS OR LESS,"SCHOOL, PUBLIC, BUILDING",True,62,41.791380199,-87.724699662
2006,11,2006-11-22 21:56:00,NARCOTICS,POSS: CANNABIS 30GMS OR LESS,STREET,True,62,41.79413314,-87.717056878
2006,11,2006-11-23 01:15:00,NARCOTICS,POSS: COCAINE,ALLEY,True,62,41.790586217,-87.73656252399999
2006,11,2006-11-18 22:20:00,NARCOTICS,POSS: CANNABIS 30GMS OR LESS,VEHICLE NON-COMMERCIAL,True,62,41.793144178,-87.729787615
2006,11,2006-11-21 13:00:00,DECEPTIVE PRACTICE,BOGUS CHECK,CURRENCY EXCHANGE,False,62,41.792974653,-87.72315172299999
2006,12,2006-12-16 11:00:00,THEFT,$500 AND UNDER,STREET,False,62,41.790617394,-87.71444666
2006,12,2006-12-02 08:15:00,BATTERY,DOMESTIC BATTERY SIMPLE,RESIDENCE,False,62,41.792418837,-87.714157967
2006,12,2006-12-01 08:15:00,CRIMINAL DAMAGE,CRIMINAL DEFACEMENT,CTA PLATFORM,True,62,41.799808989,-87.723350952
2006,12,2006-12-01 11:52:00,THEFT,$500 AND UNDER,SIDEWALK,False,62,41.792974653,-87.72315172299999
2006,12,2006-12-06 17:00:00,DECEPTIVE PRACTICE,CREDIT CARD FRAUD,RESIDENCE,False,62,41.794289771,-87.730543311
2006,12,2006-12-02 18:30:00,CRIMINAL DAMAGE,TO VEHICLE,STREET,False,62,41.79634831,-87.730604703
2006,12,2006-12-05 14:50:00,ASSAULT,SIMPLE,SIDEWALK,False,62,41.786902854000004,-87.732775908
2006,12,2006-12-05 15:00:00,THEFT,FROM BUILDING,"SCHOOL, PUBLIC, BUILDING",False,62,41.791380199,-87.724699662
2006,12,2006-12-06 16:03:39,WEAPONS VIOLATION,UNLAWFUL USE OTHER DANG WEAPON,STREET,True,62,41.79639731,-87.723251281
2006,12,2006-12-05 07:30:00,OTHER OFFENSE,TELEPHONE THREAT,RESIDENCE,False,62,41.788829624,-87.737572541
2006,12,2006-12-06 13:00:00,CRIMINAL TRESPASS,TO LAND,RESIDENCE PORCH/HALLWAY,True,62,41.793011662,-87.71825576799999
2006,12,2006-12-06 13:08:00,PUBLIC PEACE VIOLATION,RECKLESS CONDUCT,STREET,True,62,41.794256710999996,-87.726869096
2006,12,2006-12-06 16:45:00,CRIMINAL DAMAGE,TO PROPERTY,MEDICAL/DENTAL OFFICE,False,62,41.79978978,-87.723351135
2006,12,2006-12-06 20:25:00,CRIMINAL DAMAGE,TO PROPERTY,OTHER,False,62,41.786033186,-87.716767784
2006,12,2006-12-06 22:45:00,BATTERY,DOMESTIC BATTERY SIMPLE,RESIDENCE,True,62,41.787852145,-87.716673352
2006,12,2006-12-09 02:40:00,CRIMINAL DAMAGE,TO VEHICLE,STREET,False,62,41.796308013,-87.718341604
2006,12,2006-12-08 19:00:00,ASSAULT,SIMPLE,STREET,False,62,41.795986927,-87.73549658600001
2006,12,2006-12-09 22:00:00,CRIMINAL DAMAGE,TO VEHICLE,STREET,False,62,41.785793463000005,-87.73685630899999
2006,12,2006-12-09 17:00:00,CRIMINAL DAMAGE,TO VEHICLE,STREET,False,62,41.785818718,-87.734326044
2006,12,2006-12-09 22:00:00,BURGLARY,UNLAWFUL ENTRY,RESIDENCE-GARAGE,False,62,41.787894032,-87.714256511
2006,12,2006-12-09 20:00:00,MOTOR VEHICLE THEFT,ATT: AUTOMOBILE,RESIDENCE-GARAGE,False,62,41.789706514,-87.714488424
2006,12,2006-12-09 21:30:00,CRIMINAL DAMAGE,TO VEHICLE,STREET,False,62,41.786928439,-87.733996705
2006,12,2006-12-10 18:30:00,CRIMINAL DAMAGE,TO PROPERTY,RESIDENCE,False,62,41.795986927,-87.73549658600001
2006,12,2006-12-11 00:56:10,ARSON,BY FIRE,VEHICLE NON-COMMERCIAL,False,62,41.788670402,-87.72915487600001
2006,12,2006-12-11 09:00:00,OTHER OFFENSE,TELEPHONE THREAT,RESIDENCE,False,62,41.796272339,-87.718341945
2006,12,2006-12-12 00:00:00,BURGLARY,FORCIBLE ENTRY,RESIDENCE-GARAGE,False,62,41.795843289000004,-87.73059109799999
2006,12,2006-12-08 16:20:00,THEFT,$500 AND UNDER,FACTORY/MANUFACTURING BUILDING,False,62,41.797329542,-87.72672277
2006,12,2006-12-10 12:00:00,BURGLARY,FORCIBLE ENTRY,PARKING LOT/GARAGE(NON.RESID.),False,62,41.789706396,-87.71446642299999
2006,12,2006-12-08 18:40:00,DECEPTIVE PRACTICE,THEFT OF LABOR/SERVICES,RESTAURANT,False,62,41.799342386,-87.72333704
2006,12,2006-12-08 14:45:00,CRIMINAL TRESPASS,TO LAND,GROCERY FOOD STORE,False,62,41.796216156999996,-87.723245665
2006,12,2006-12-10 02:00:00,BATTERY,DOMESTIC BATTERY SIMPLE,PARKING LOT/GARAGE(NON.RESID.),False,62,41.796196948,-87.723245847
2006,12,2006-12-06 12:30:00,BATTERY,SIMPLE,CTA GARAGE / OTHER PROPERTY,False,62,41.800464977,-87.723370404
2006,12,2006-12-09 17:30:00,BATTERY,DOMESTIC BATTERY SIMPLE,RESIDENCE,True,62,41.796401894,-87.715890942
2006,12,2006-12-12 08:00:00,CRIMINAL DAMAGE,CRIMINAL DEFACEMENT,RESIDENCE-GARAGE,False,62,41.790474263,-87.724121515
2006,12,2006-12-10 18:55:00,BATTERY,SIMPLE,RESTAURANT,False,62,41.797201502,-87.723272993
2006,12,2006-12-11 18:30:00,BATTERY,DOMESTIC BATTERY SIMPLE,ALLEY,False,62,41.802025751,-87.716042341
2006,12,2006-12-10 12:00:00,CRIMINAL DAMAGE,TO VEHICLE,PARKING LOT/GARAGE(NON.RESID.),False,62,41.789706514,-87.714488424
2006,12,2006-12-10 10:08:00,CRIMINAL DAMAGE,TO PROPERTY,RESIDENCE-GARAGE,False,62,41.786035399,-87.71666876100001
2006,12,2006-12-11 01:10:00,CRIMINAL DAMAGE,CRIMINAL DEFACEMENT,RESTAURANT,False,62,41.786864541,-87.721871294
2006,12,2006-12-13 07:00:00,MOTOR VEHICLE THEFT,AUTOMOBILE,PARKING LOT/GARAGE(NON.RESID.),False,62,41.800464977,-87.723370404
2006,12,2006-12-01 09:40:00,THEFT,FROM BUILDING,"SCHOOL, PUBLIC, BUILDING",False,62,41.791380199,-87.724699662
2006,12,2006-12-13 13:30:00,MOTOR VEHICLE THEFT,AUTOMOBILE,PARKING LOT/GARAGE(NON.RESID.),False,62,41.800464977,-87.723370404
2006,12,2006-12-13 12:25:00,THEFT,RETAIL THEFT,DRUG STORE,True,62,41.796216156999996,-87.723245665
2006,12,2006-12-11 20:40:00,CRIMINAL DAMAGE,TO VEHICLE,STREET,False,62,41.790344693,-87.73655743100001
2006,12,2006-12-12 00:50:00,CRIMINAL DAMAGE,TO PROPERTY,RESIDENCE,False,62,41.791021686,-87.728003359
2006,12,2006-12-13 21:30:00,MOTOR VEHICLE THEFT,AUTOMOBILE,STREET,False,62,41.790579848,-87.73533781200001
2006,12,2006-12-12 09:30:00,THEFT,ATTEMPT THEFT,"SCHOOL, PUBLIC, BUILDING",True,62,41.791380199,-87.724699662
2006,12,2006-12-12 11:30:00,CRIMINAL DAMAGE,CRIMINAL DEFACEMENT,"SCHOOL, PUBLIC, BUILDING",True,62,41.791380199,-87.724699662
2006,12,2006-12-13 13:05:00,PUBLIC PEACE VIOLATION,RECKLESS CONDUCT,STREET,True,62,41.793083609,-87.71580910899999
2006,12,2006-12-13 13:11:13,PUBLIC PEACE VIOLATION,RECKLESS CONDUCT,SIDEWALK,True,62,41.79826919,-87.723303209
2006,12,2006-12-13 16:10:00,CRIMINAL DAMAGE,TO CITY OF CHICAGO PROPERTY,STREET,False,62,41.800109608,-87.722082806
2006,12,2006-12-14 15:45:00,THEFT,$500 AND UNDER,STREET,False,62,41.794414738,-87.71583667
2006,12,2006-12-12 18:50:00,CRIMINAL DAMAGE,CRIMINAL DEFACEMENT,CTA TRAIN,True,62,41.799808989,-87.723350952
2006,12,2006-12-15 16:00:00,THEFT,$500 AND UNDER,STREET,False,62,41.791534766,-87.71408213299999
2006,12,2006-12-05 15:10:00,THEFT,FROM BUILDING,"SCHOOL, PUBLIC, BUILDING",False,62,41.791380199,-87.724699662
2006,12,2006-12-14 17:45:00,CRIMINAL DAMAGE,CRIMINAL DEFACEMENT,CTA TRAIN,True,62,41.799808989,-87.723350952
2006,12,2006-12-16 09:30:00,MOTOR VEHICLE THEFT,AUTOMOBILE,PARKING LOT/GARAGE(NON.RESID.),False,62,41.800464977,-87.723370404
2006,12,2006-12-15 21:30:00,CRIMINAL DAMAGE,TO VEHICLE,STREET,False,62,41.79798376,-87.72329858100001
2006,12,2006-12-17 20:00:00,CRIMINAL DAMAGE,TO PROPERTY,RESIDENCE,False,62,41.790460918,-87.734106813
2006,12,2006-12-15 22:00:00,OTHER OFFENSE,TELEPHONE THREAT,RESIDENCE,False,62,41.793346299,-87.71413803899999
2006,12,2006-12-19 11:00:00,CRIMINAL DAMAGE,TO PROPERTY,RESIDENCE-GARAGE,False,62,41.790834219000004,-87.734121672
2006,12,2006-12-19 19:20:00,BATTERY,AGGRAVATED: OTHER DANG WEAPON,HOTEL/MOTEL,False,62,41.79639731,-87.723251281
2006,12,2006-12-19 14:00:00,ASSAULT,AGGRAVATED: OTHER DANG WEAPON,SIDEWALK,False,62,41.79639731,-87.723251281
2006,12,2006-12-17 17:15:00,CRIMINAL DAMAGE,CRIMINAL DEFACEMENT,GAS STATION,False,62,41.792974653,-87.72315172299999
2006,12,2006-12-17 18:00:00,OTHER OFFENSE,VIOLATE ORDER OF PROTECTION,APARTMENT,True,62,41.793114392,-87.73353203
2006,12,2006-12-16 01:30:00,CRIMINAL DAMAGE,CRIMINAL DEFACEMENT,STREET,False,62,41.792099777,-87.720677416
2006,12,2006-12-17 19:30:00,BATTERY,SIMPLE,SIDEWALK,True,62,41.793158667,-87.728368301
2006,12,2006-12-18 23:00:00,BURGLARY,FORCIBLE ENTRY,RESIDENCE-GARAGE,False,62,41.797819296,-87.717164591
2006,12,2006-12-20 10:00:00,BURGLARY,FORCIBLE ENTRY,APARTMENT,False,62,41.796453491,-87.735503252
2006,12,2006-12-20 13:00:00,BATTERY,SIMPLE,STREET,False,62,41.79826919,-87.723303209
2006,12,2006-12-18 16:30:00,BATTERY,SIMPLE,SIDEWALK,False,62,41.792974653,-87.72315172299999
2006,12,2006-12-21 00:01:53,ASSAULT,AGGRAVATED: OTHER DANG WEAPON,HOTEL/MOTEL,True,62,41.79639731,-87.723251281
2006,12,2006-12-19 17:15:00,ASSAULT,SIMPLE,RESIDENCE,False,62,41.789605374000004,-87.721221871
2006,12,2006-12-22 05:28:26,BURGLARY,FORCIBLE ENTRY,RESIDENCE-GARAGE,False,62,41.796290471999995,-87.717116891
2006,12,2006-12-18 19:30:00,THEFT,OVER $500,POLICE FACILITY/VEH PARKING LOT,False,62,41.794591289,-87.72319873200001
2006,12,2006-12-18 17:40:00,CRIMINAL DAMAGE,TO PROPERTY,RESIDENCE,False,62,41.793115777,-87.73327165100001
2006,12,2006-12-15 00:01:00,CRIMINAL DAMAGE,CRIMINAL DEFACEMENT,RESIDENCE,False,62,41.796408692,-87.734278785
2006,12,2006-12-17 22:05:00,CRIMINAL DAMAGE,TO PROPERTY,RESIDENCE,False,62,41.797731999,-87.71470827799999
2006,12,2006-12-19 13:51:00,OTHER OFFENSE,TELEPHONE THREAT,RESIDENCE,False,62,41.796068348,-87.73059632399999
2006,12,2006-12-18 17:30:00,CRIMINAL DAMAGE,TO PROPERTY,RESIDENCE-GARAGE,False,62,41.788612774,-87.729155417
2006,12,2006-12-20 09:00:00,CRIMINAL DAMAGE,CRIMINAL DEFACEMENT,OTHER,False,62,41.789348946,-87.723057765
2006,12,2006-12-23 13:30:00,CRIMINAL DAMAGE,TO VEHICLE,PARKING LOT/GARAGE(NON.RESID.),False,62,41.79826919,-87.723303209
2006,12,2006-12-22 11:30:00,DECEPTIVE PRACTICE,FRAUD OR CONFIDENCE GAME,RESIDENCE,False,62,41.793169237,-87.72724972700001
2006,12,2006-12-24 16:50:00,THEFT,RETAIL THEFT,SMALL RETAIL STORE,True,62,41.799413753,-87.723340031
2006,12,2006-12-24 18:40:00,CRIMINAL DAMAGE,CRIMINAL DEFACEMENT,HOTEL/MOTEL,False,62,41.796087163,-87.723243221
2006,12,2006-12-24 18:46:34,CRIMINAL DAMAGE,CRIMINAL DEFACEMENT,OTHER,False,62,41.795941684,-87.723237266
2006,12,2006-12-23 04:45:00,CRIMINAL DAMAGE,CRIMINAL DEFACEMENT,"SCHOOL, PUBLIC, BUILDING",True,62,41.788735926,-87.718744
2006,12,2006-12-26 06:15:00,BATTERY,DOMESTIC BATTERY SIMPLE,APARTMENT,False,62,41.793146633,-87.729732585
2006,12,2006-12-25 17:48:00,BATTERY,DOMESTIC BATTERY SIMPLE,SIDEWALK,True,62,41.792339938000005,-87.719398985
2006,12,2006-12-26 16:00:00,OTHER OFFENSE,TELEPHONE THREAT,RESIDENCE,False,62,41.794449001,-87.73422735700001
2006,12,2006-12-26 06:00:00,THEFT,OVER $500,RESIDENCE,False,62,41.790666787,-87.73411589700001
2006,12,2006-12-27 05:35:00,THEFT,$500 AND UNDER,STREET,False,62,41.799808989,-87.723350952
2006,12,2006-12-27 07:00:00,THEFT,OVER $500,PARKING LOT/GARAGE(NON.RESID.),False,62,41.800464977,-87.723370404
2006,12,2006-12-21 09:30:00,THEFT,RETAIL THEFT,SMALL RETAIL STORE,False,62,41.799556469,-87.723342345
2006,12,2006-12-20 05:45:00,THEFT,OVER $500,CTA GARAGE / OTHER PROPERTY,False,62,41.79826919,-87.723303209
2006,12,2006-12-21 14:40:00,THEFT,RETAIL THEFT,SMALL RETAIL STORE,False,62,41.799701946999996,-87.7233483
2006,12,2006-12-21 16:55:00,THEFT,RETAIL THEFT,SMALL RETAIL STORE,False,62,41.799556469,-87.723342345
2006,12,2006-12-27 13:30:00,MOTOR VEHICLE THEFT,AUTOMOBILE,PARKING LOT/GARAGE(NON.RESID.),False,62,41.79798376,-87.72329858100001
2006,12,2006-12-21 09:30:00,NARCOTICS,POSS: CANNABIS 30GMS OR LESS,"SCHOOL, PUBLIC, GROUNDS",True,62,41.787818204000004,-87.719046111
2006,12,2006-12-26 22:00:00,BATTERY,SIMPLE,STREET,True,62,41.786836897,-87.723899279
2006,12,2006-12-12 23:03:00,NARCOTICS,POSS: CANNABIS 30GMS OR LESS,STREET,True,62,41.792974653,-87.72315172299999
2006,12,2006-12-27 09:05:00,THEFT,RETAIL THEFT,SMALL RETAIL STORE,False,62,41.799556469,-87.723342345
2006,12,2006-12-19 15:45:00,CRIMINAL DAMAGE,CRIMINAL DEFACEMENT,CTA TRAIN,True,62,41.785519673,-87.738567526
2006,12,2006-12-19 17:33:00,CRIMINAL DAMAGE,CRIMINAL DEFACEMENT,CTA TRAIN,True,62,41.799808989,-87.723350952
2006,12,2006-12-27 16:20:00,THEFT,OVER $500,STREET,False,62,41.79080486,-87.727998065
2006,12,2006-12-22 22:25:00,CRIMINAL DAMAGE,TO VEHICLE,ALLEY,False,62,41.789605374000004,-87.721221871
2006,12,2006-12-28 17:15:00,BATTERY,AGGRAVATED: OTHER DANG WEAPON,STREET,False,62,41.797171316,-87.723273279
2006,12,2006-12-29 00:15:00,ROBBERY,AGGRAVATED VEHICULAR HIJACKING,SIDEWALK,False,62,41.788759368,-87.716972675
2006,12,2006-12-28 19:15:00,BATTERY,DOMESTIC BATTERY SIMPLE,APARTMENT,True,62,41.793285049,-87.717549064
2006,12,2006-12-29 11:30:00,CRIMINAL DAMAGE,CRIMINAL DEFACEMENT,PARKING LOT/GARAGE(NON.RESID.),False,62,41.786864541,-87.721871294
2006,12,2006-12-30 16:15:00,THEFT,$500 AND UNDER,PARKING LOT/GARAGE(NON.RESID.),False,62,41.794591289,-87.72319873200001
2006,12,2006-12-30 18:00:00,THEFT,$500 AND UNDER,CTA GARAGE / OTHER PROPERTY,False,62,41.800464977,-87.723370404
2006,12,2006-12-29 00:00:00,CRIMINAL DAMAGE,CRIMINAL DEFACEMENT,OTHER,False,62,41.788929012,-87.723047081
2006,12,2006-12-30 20:15:00,CRIMINAL DAMAGE,TO VEHICLE,CTA GARAGE / OTHER PROPERTY,False,62,41.800464977,-87.723370404
2006,12,2006-12-30 23:30:00,CRIMINAL DAMAGE,CRIMINAL DEFACEMENT,RESIDENCE-GARAGE,False,62,41.789060149,-87.729165884
2006,12,2006-12-30 23:30:00,CRIMINAL DAMAGE,CRIMINAL DEFACEMENT,RESIDENCE-GARAGE,False,62,41.789300753,-87.727953545
2006,12,2006-12-30 23:30:00,CRIMINAL DAMAGE,CRIMINAL DEFACEMENT,RESIDENCE-GARAGE,False,62,41.78926506,-87.72795021399999
2006,12,2006-12-30 00:00:00,CRIMINAL DAMAGE,TO PROPERTY,RESIDENCE-GARAGE,False,62,41.786864287,-87.721823628
2006,12,2006-12-31 12:00:00,THEFT,$500 AND UNDER,VEHICLE NON-COMMERCIAL,False,62,41.79639731,-87.723251281
2006,12,2006-12-31 23:30:00,OTHER OFFENSE,TELEPHONE THREAT,RESIDENCE,False,62,41.788986029,-87.736511362
2006,12,2006-12-29 18:30:00,CRIMINAL DAMAGE,CRIMINAL DEFACEMENT,OTHER,False,62,41.792653509000004,-87.7231401
2006,12,2006-12-31 12:00:00,MOTOR VEHICLE THEFT,AUTOMOBILE,STREET,False,62,41.786948315,-87.716495008
2006,12,2006-12-31 19:00:00,CRIMINAL DAMAGE,TO PROPERTY,RESIDENCE,False,62,41.788652708,-87.72424510100001
2006,12,2006-12-16 11:45:00,NARCOTICS,POSS: CRACK,HOTEL/MOTEL,True,62,41.79639731,-87.723251281
2006,12,2006-12-30 22:15:00,BATTERY,DOMESTIC BATTERY SIMPLE,VEHICLE NON-COMMERCIAL,True,62,41.788657627,-87.730379731
2006,12,2006-12-25 18:00:00,BURGLARY,UNLAWFUL ENTRY,APARTMENT,False,62,41.79639731,-87.723251281
2006,12,2006-12-29 00:01:00,NARCOTICS,POSS: COCAINE,ALLEY,True,62,41.794336472,-87.734224738
2006,12,2006-12-27 19:20:00,NARCOTICS,POSS: CANNABIS MORE THAN 30GMS,VEHICLE NON-COMMERCIAL,True,62,41.789021785,-87.73284047
2006,12,2006-12-10 04:36:13,NARCOTICS,POSS: COCAINE,STREET,True,62,41.79639731,-87.723251281
2006,12,2006-12-12 10:45:00,NARCOTICS,POSS: COCAINE,SIDEWALK,True,62,41.79187129,-87.72312185
2006,12,2006-12-12 11:15:00,NARCOTICS,POSS: CANNABIS 30GMS OR LESS,SIDEWALK,True,62,41.793984167,-87.729310336
2006,12,2006-12-18 12:11:00,NARCOTICS,POSS: COCAINE,OTHER,True,62,41.794591289,-87.72319873200001
